1.000000  0.634000  0.560000  0.446000  0.468000  0.340000  0.454000  0.460000  0.516000  0.566000  
0.634000  1.000000  0.590000  0.496000  0.486000  0.390000  0.492000  0.506000  0.522000  0.548000  
0.560000  0.590000  1.000000  0.586000  0.584000  0.440000  0.598000  0.612000  0.592000  0.586000  
0.446000  0.496000  0.586000  1.000000  0.590000  0.478000  0.612000  0.610000  0.570000  0.552000  
0.468000  0.486000  0.584000  0.590000  1.000000  0.576000  0.662000  0.652000  0.612000  0.562000  
0.340000  0.390000  0.440000  0.478000  0.576000  1.000000  0.570000  0.588000  0.536000  0.486000  
0.454000  0.492000  0.598000  0.612000  0.662000  0.570000  1.000000  0.766000  0.698000  0.632000  
0.460000  0.506000  0.612000  0.610000  0.652000  0.588000  0.766000  1.000000  0.736000  0.690000  
0.516000  0.522000  0.592000  0.570000  0.612000  0.536000  0.698000  0.736000  1.000000  0.718000  
0.566000  0.548000  0.586000  0.552000  0.562000  0.486000  0.632000  0.690000  0.718000  1.000000  
