1.577458437526736423e-01
7.500095723890690125e-02
7.500095723890698451e-02
6.429109711742136968e-02
7.500095723890709554e-02
3.859893578064782504e-02
6.429109711742175826e-02
6.129286136761574744e-02
7.500095723890698451e-02
3.640834629794376109e-02
3.859893578064740871e-02
3.424335577287758448e-02
6.429109711742098110e-02
3.424335577287751509e-02
6.129286136761574050e-02
6.027174442534241616e-02
7.500095723890688737e-02
3.594956517033538052e-02
3.640834629794376109e-02
3.160803759929309981e-02
3.859893578064742259e-02
2.014353163223634238e-02
3.424335577287755672e-02
3.311148669504714037e-02
6.429109711742087008e-02
3.160803759929304430e-02
3.424335577287745958e-02
3.092089721234346153e-02
6.129286136761558784e-02
3.311148669504707792e-02
6.027174442534239535e-02
6.001407011488026771e-02
7.500095723890690125e-02
3.585602014301259716e-02
3.594956517033538052e-02
3.105608800055193949e-02
3.640834629794376803e-02
1.888321590906933203e-02
3.160803759929314838e-02
3.038765177627637815e-02
3.859893578064739483e-02
1.888321590906930081e-02
2.014353163223631810e-02
1.805709224502887941e-02
3.424335577287747345e-02
1.840759254657392541e-02
3.311148669504711262e-02
3.285352259852209605e-02
6.429109711742085620e-02
3.105608800055186663e-02
3.160803759929303042e-02
2.773828116596432219e-02
3.424335577287746651e-02
1.805709224502885513e-02
3.092089721234344765e-02
3.021820442493765996e-02
6.129286136761556009e-02
3.038765177627633998e-02
3.311148669504705710e-02
3.021820442493765302e-02
6.027174442534234677e-02
3.285352259852206830e-02
6.001407011488023996e-02
6.027174442534242310e-02
7.500095723890690125e-02
3.594956517033535970e-02
3.585602014301261797e-02
3.105608800055193949e-02
3.594956517033537358e-02
1.868003922152132110e-02
3.105608800055199500e-02
2.992887064866799757e-02
3.640834629794371252e-02
1.783784345886509776e-02
1.888321590906930428e-02
1.694697366424402843e-02
3.160803759929305123e-02
1.701415839759843826e-02
3.038765177627636774e-02
3.021820442493766690e-02
3.859893578064739483e-02
1.868003922152129334e-02
1.888321590906931469e-02
1.659647336269897203e-02
2.014353163223631463e-02
1.063358216883263790e-02
1.805709224502886900e-02
1.767956508906706400e-02
3.424335577287745264e-02
1.701415839759843132e-02
1.840759254657390806e-02
1.683736932641084760e-02
3.311148669504708486e-02
1.809693960920636877e-02
3.285352259852207524e-02
3.311148669504714731e-02
6.429109711742084232e-02
3.105608800055186317e-02
3.105608800055187704e-02
2.718595501103316173e-02
3.160803759929304430e-02
1.659647336269896162e-02
2.773828116596433260e-02
2.703093665261208436e-02
3.424335577287743876e-02
1.694697366424401108e-02
1.805709224502885166e-02
1.641924936590004672e-02
3.092089721234342337e-02
1.683736932641084066e-02
3.021820442493766343e-02
3.038765177627638855e-02
6.129286136761557396e-02
2.992887064866793512e-02
3.038765177627634345e-02
2.703093665261207049e-02
3.311148669504707792e-02
1.767956508906703972e-02
3.021820442493765996e-02
2.992887064866799410e-02
6.027174442534234677e-02
3.021820442493764261e-02
3.285352259852205442e-02
3.038765177627637468e-02
6.001407011488020526e-02
3.311148669504714037e-02
6.027174442534240922e-02
6.129286136761564335e-02
7.500095723890687349e-02
3.640834629794375416e-02
3.594956517033535970e-02
3.160803759929309981e-02
3.585602014301261797e-02
1.888321590906933550e-02
3.105608800055199500e-02
3.038765177627638855e-02
3.594956517033532500e-02
1.783784345886509429e-02
1.868003922152130722e-02
1.701415839759844173e-02
3.105608800055188745e-02
1.694697366424402843e-02
2.992887064866796981e-02
3.021820442493766690e-02
3.640834629794371946e-02
1.783784345886509776e-02
1.783784345886510123e-02
1.590403981681360809e-02
1.888321590906932163e-02
1.009803798146367664e-02
1.694697366424403190e-02
1.683736932641084760e-02
3.160803759929303042e-02
1.590403981681359422e-02
1.701415839759842785e-02
1.579125143583514496e-02
3.038765177627634345e-02
1.683736932641083026e-02
3.021820442493765302e-02
3.092089721234348235e-02
3.859893578064739483e-02
1.888321590906931122e-02
1.868003922152129681e-02
1.659647336269897203e-02
1.888321590906931122e-02
1.004807851016357480e-02
1.659647336269898243e-02
1.641924936590002937e-02
2.014353163223630769e-02
1.009803798146365929e-02
1.063358216883262403e-02
9.813836823804045206e-03
1.805709224502885513e-02
9.970863809275936143e-03
1.767956508906705707e-02
1.805709224502889676e-02
3.424335577287744570e-02
1.694697366424401455e-02
1.701415839759842785e-02
1.537387691569581938e-02
1.840759254657390806e-02
9.970863809275932674e-03
1.683736932641083719e-02
1.694697366424405272e-02
3.311148669504708486e-02
1.683736932641082679e-02
1.809693960920636183e-02
1.701415839759845908e-02
3.285352259852204748e-02
1.840759254657393929e-02
3.311148669504711262e-02
3.424335577287753590e-02
6.429109711742084232e-02
3.160803759929303042e-02
3.105608800055187010e-02
2.773828116596431873e-02
3.105608800055188398e-02
1.659647336269895815e-02
2.718595501103317560e-02
2.703093665261208783e-02
3.160803759929302348e-02
1.590403981681359422e-02
1.659647336269896509e-02
1.537387691569582111e-02
2.773828116596429791e-02
1.537387691569581764e-02
2.703093665261208436e-02
2.773828116596434648e-02
3.424335577287744570e-02
1.701415839759842438e-02
1.694697366424401455e-02
1.537387691569581938e-02
1.805709224502883778e-02
9.813836823804040002e-03
1.641924936590004672e-02
1.659647336269898590e-02
3.092089721234340949e-02
1.579125143583513802e-02
1.683736932641083373e-02
1.590403981681362891e-02
3.021820442493764955e-02
1.701415839759845908e-02
3.038765177627637815e-02
3.160803759929309981e-02
6.129286136761556703e-02
3.038765177627633651e-02
2.992887064866793859e-02
2.703093665261206355e-02
3.038765177627633304e-02
1.641924936590001549e-02
2.703093665261207396e-02
2.718595501103321030e-02
3.311148669504708486e-02
1.683736932641083373e-02
1.767956508906704319e-02
1.659647336269897896e-02
3.021820442493765649e-02
1.694697366424404578e-02
2.992887064866798369e-02
3.105608800055193602e-02
6.027174442534234677e-02
3.021820442493763220e-02
3.021820442493763914e-02
2.773828116596433607e-02
3.285352259852205442e-02
1.805709224502888635e-02
3.038765177627638508e-02
3.105608800055193602e-02
6.001407011488019833e-02
3.092089721234347541e-02
3.311148669504710568e-02
3.160803759929308593e-02
6.027174442534238841e-02
3.424335577287753590e-02
6.129286136761565029e-02
6.429109711742093947e-02
7.500095723890687349e-02
3.859893578064740871e-02
3.640834629794376803e-02
3.424335577287752896e-02
3.594956517033538052e-02
2.014353163223633891e-02
3.160803759929315532e-02
3.311148669504714037e-02
3.585602014301257634e-02
1.888321590906931469e-02
1.888321590906930428e-02
1.840759254657392541e-02
3.105608800055189092e-02
1.805709224502885860e-02
3.038765177627637815e-02
3.285352259852206830e-02
3.594956517033535276e-02
1.868003922152129681e-02
1.783784345886510470e-02
1.701415839759843826e-02
1.868003922152130722e-02
1.063358216883263964e-02
1.701415839759845214e-02
1.809693960920638264e-02
3.105608800055187010e-02
1.659647336269895815e-02
1.694697366424400761e-02
1.683736932641084413e-02
2.992887064866794899e-02
1.767956508906704666e-02
3.021820442493765302e-02
3.311148669504714037e-02
3.640834629794373334e-02
1.888321590906931816e-02
1.783784345886510123e-02
1.694697366424402843e-02
1.783784345886509776e-02
1.009803798146367317e-02
1.590403981681361850e-02
1.683736932641084413e-02
1.888321590906930428e-02
1.004807851016356786e-02
1.009803798146366449e-02
9.970863809275934408e-03
1.694697366424402149e-02
9.970863809275941347e-03
1.683736932641083373e-02
1.840759254657394622e-02
3.160803759929303042e-02
1.659647336269895121e-02
1.590403981681359075e-02
1.537387691569581938e-02
1.701415839759842785e-02
9.813836823804038267e-03
1.579125143583515190e-02
1.701415839759846949e-02
3.038765177627633998e-02
1.641924936590001896e-02
1.683736932641082679e-02
1.694697366424404925e-02
3.021820442493763567e-02
1.805709224502888288e-02
3.092089721234346500e-02
3.424335577287754284e-02
3.859893578064737402e-02
2.014353163223631116e-02
1.888321590906930775e-02
1.805709224502885513e-02
1.868003922152130375e-02
1.063358216883263617e-02
1.659647336269897896e-02
1.767956508906705360e-02
1.888321590906929387e-02
1.009803798146366102e-02
1.004807851016356092e-02
9.970863809275939613e-03
1.659647336269896509e-02
9.813836823804041737e-03
1.641924936590002243e-02
1.805709224502889329e-02
2.014353163223630769e-02
1.063358216883262750e-02
1.009803798146365582e-02
9.813836823804043472e-03
1.063358216883263443e-02
6.162772021480327454e-03
9.813836823804048676e-03
1.063358216883257719e-02
1.805709224502884819e-02
9.813836823804040002e-03
9.970863809275936143e-03
1.009803798146361245e-02
1.767956508906704319e-02
1.063358216883257545e-02
1.805709224502889329e-02
2.014353163223641524e-02
3.424335577287745264e-02
1.805709224502884125e-02
1.694697366424400761e-02
1.641924936590004672e-02
1.701415839759843132e-02
9.813836823804043472e-03
1.537387691569582632e-02
1.659647336269898590e-02
1.840759254657390459e-02
9.970863809275932674e-03
9.970863809275927470e-03
1.004807851016351929e-02
1.683736932641083373e-02
1.009803798146360898e-02
1.694697366424404925e-02
1.888321590906939795e-02
3.311148669504707792e-02
1.767956508906703625e-02
1.683736932641082679e-02
1.659647336269898243e-02
1.809693960920636183e-02
1.063358216883257719e-02
1.701415839759846602e-02
1.868003922152138702e-02
3.285352259852204054e-02
1.805709224502888635e-02
1.840759254657393582e-02
1.888321590906939448e-02
3.311148669504711262e-02
2.014353163223641524e-02
3.424335577287752896e-02
3.859893578064739483e-02
6.429109711742085620e-02
3.424335577287745264e-02
3.160803759929303736e-02
3.092089721234343377e-02
3.105608800055187704e-02
1.805709224502885166e-02
2.773828116596432913e-02
3.021820442493766690e-02
3.105608800055186663e-02
1.694697366424401108e-02
1.659647336269896509e-02
1.683736932641084066e-02
2.718595501103314785e-02
1.641924936590005366e-02
2.703093665261208089e-02
3.038765177627638162e-02
3.160803759929303042e-02
1.701415839759842091e-02
1.590403981681359769e-02
1.579125143583514843e-02
1.659647336269896509e-02
9.813836823804040002e-03
1.537387691569582632e-02
1.701415839759846949e-02
2.773828116596429444e-02
1.537387691569581591e-02
1.537387691569581938e-02
1.590403981681362891e-02
2.703093665261206355e-02
1.659647336269898937e-02
2.773828116596434301e-02
3.160803759929309981e-02
3.424335577287745264e-02
1.840759254657390806e-02
1.701415839759842438e-02
1.683736932641083373e-02
1.694697366424401802e-02
9.970863809275934408e-03
1.537387691569582805e-02
1.694697366424405272e-02
1.805709224502885166e-02
9.970863809275927470e-03
9.813836823804038267e-03
1.009803798146360898e-02
1.641924936590004672e-02
1.004807851016351408e-02
1.659647336269898590e-02
1.888321590906939795e-02
3.092089721234341643e-02
1.683736932641083026e-02
1.579125143583514149e-02
1.590403981681362544e-02
1.683736932641083719e-02
1.009803798146361072e-02
1.590403981681363585e-02
1.783784345886518102e-02
3.021820442493764608e-02
1.694697366424404925e-02
1.701415839759845908e-02
1.783784345886516715e-02
3.038765177627637121e-02
1.888321590906939448e-02
3.160803759929309287e-02
3.640834629794376109e-02
6.129286136761556703e-02
3.311148669504707098e-02
3.038765177627633651e-02
3.021820442493764608e-02
2.992887064866793859e-02
1.767956508906704319e-02
2.703093665261207049e-02
2.992887064866798716e-02
3.038765177627633304e-02
1.683736932641083026e-02
1.641924936590001549e-02
1.694697366424404925e-02
2.703093665261206702e-02
1.659647336269898937e-02
2.718595501103319989e-02
3.105608800055193949e-02
3.311148669504707792e-02
1.809693960920635142e-02
1.683736932641083026e-02
1.701415839759845561e-02
1.767956508906704666e-02
1.063358216883257372e-02
1.659647336269898590e-02
1.868003922152139396e-02
3.021820442493764608e-02
1.701415839759845214e-02
1.694697366424404925e-02
1.783784345886516715e-02
2.992887064866798369e-02
1.868003922152139049e-02
3.105608800055193602e-02
3.594956517033537358e-02
6.027174442534233983e-02
3.285352259852204748e-02
3.021820442493764261e-02
3.038765177627637815e-02
3.021820442493763567e-02
1.805709224502888635e-02
2.773828116596434301e-02
3.105608800055193255e-02
3.285352259852204748e-02
1.840759254657393929e-02
1.805709224502887941e-02
1.888321590906938754e-02
3.038765177627637468e-02
1.888321590906939795e-02
3.105608800055193602e-02
3.585602014301259716e-02
6.001407011488017751e-02
3.311148669504712649e-02
3.092089721234347541e-02
3.160803759929308593e-02
3.311148669504712649e-02
2.014353163223641177e-02
3.160803759929307899e-02
3.594956517033538052e-02
6.027174442534236759e-02
3.424335577287753590e-02
3.424335577287753590e-02
3.640834629794376803e-02
6.129286136761565723e-02
3.859893578064738789e-02
6.429109711742093947e-02
7.500095723890702615e-02
7.500095723890687349e-02
6.429109711742091171e-02
3.859893578064742953e-02
6.129286136761567111e-02
3.640834629794376803e-02
3.424335577287750121e-02
3.424335577287757060e-02
6.027174442534241616e-02
3.594956517033533194e-02
3.160803759929303736e-02
2.014353163223632157e-02
3.311148669504712649e-02
3.160803759929305817e-02
3.092089721234344418e-02
3.311148669504712649e-02
6.001407011488025384e-02
3.585602014301257634e-02
3.105608800055187704e-02
1.888321590906931469e-02
3.038765177627637121e-02
1.888321590906931469e-02
1.805709224502885860e-02
1.840759254657392888e-02
3.285352259852207524e-02
3.105608800055187357e-02
2.773828116596430485e-02
1.805709224502885513e-02
3.021820442493766343e-02
3.038765177627635386e-02
3.021820442493766343e-02
3.285352259852207524e-02
6.027174442534243004e-02
3.594956517033531807e-02
3.105608800055187010e-02
1.868003922152129334e-02
2.992887064866796287e-02
1.783784345886510123e-02
1.694697366424401802e-02
1.701415839759844867e-02
3.021820442493765302e-02
1.868003922152128987e-02
1.659647336269895815e-02
1.063358216883262229e-02
1.767956508906705013e-02
1.701415839759843132e-02
1.683736932641084760e-02
1.809693960920636877e-02
3.311148669504713343e-02
3.105608800055186663e-02
2.718595501103313397e-02
1.659647336269896509e-02
2.703093665261206702e-02
1.694697366424401455e-02
1.641924936590003978e-02
1.683736932641084066e-02
3.038765177627639202e-02
2.992887064866794206e-02
2.703093665261205314e-02
1.767956508906704666e-02
2.992887064866799410e-02
3.021820442493764261e-02
3.038765177627638508e-02
3.311148669504711262e-02
6.129286136761566417e-02
3.640834629794372640e-02
3.160803759929303736e-02
1.888321590906931122e-02
3.038765177627635386e-02
1.783784345886510123e-02
1.701415839759842785e-02
1.694697366424403537e-02
3.021820442493764955e-02
1.783784345886509082e-02
1.590403981681358728e-02
1.009803798146366102e-02
1.683736932641083026e-02
1.590403981681360115e-02
1.579125143583514843e-02
1.683736932641083373e-02
3.092089721234348235e-02
1.888321590906930081e-02
1.659647336269895121e-02
1.004807851016356265e-02
1.641924936590001896e-02
1.009803798146366102e-02
9.813836823804041737e-03
9.970863809275939613e-03
1.805709224502889329e-02
1.694697366424401455e-02
1.537387691569582111e-02
9.970863809275939613e-03
1.694697366424404925e-02
1.683736932641082679e-02
1.701415839759845908e-02
1.840759254657394275e-02
3.424335577287752896e-02
3.160803759929303042e-02
2.773828116596429791e-02
1.659647336269896856e-02
2.703093665261206008e-02
1.590403981681359422e-02
1.537387691569581417e-02
1.537387691569582285e-02
2.773828116596433607e-02
1.701415839759842091e-02
1.537387691569581591e-02
9.813836823804036533e-03
1.659647336269897896e-02
1.579125143583514149e-02
1.590403981681362544e-02
1.701415839759845561e-02
3.160803759929309287e-02
3.038765177627633304e-02
2.703093665261205661e-02
1.641924936590001202e-02
2.718595501103319989e-02
1.683736932641082332e-02
1.659647336269898243e-02
1.694697366424405272e-02
3.105608800055192908e-02
3.021820442493764608e-02
2.773828116596433607e-02
1.805709224502888288e-02
3.105608800055193255e-02
3.092089721234345806e-02
3.160803759929309287e-02
3.424335577287752203e-02
6.429109711742093947e-02
3.859893578064738096e-02
3.424335577287745264e-02
2.014353163223630769e-02
3.311148669504709874e-02
1.888321590906930775e-02
1.840759254657391153e-02
1.805709224502886553e-02
3.285352259852207524e-02
1.868003922152128987e-02
1.701415839759842438e-02
1.063358216883262923e-02
1.809693960920637223e-02
1.659647336269896509e-02
1.683736932641084413e-02
1.767956508906705360e-02
3.311148669504714731e-02
1.888321590906930428e-02
1.694697366424400761e-02
1.009803798146366102e-02
1.683736932641083026e-02
1.004807851016356786e-02
9.970863809275932674e-03
9.970863809275939613e-03
1.840759254657394622e-02
1.659647336269896162e-02
1.537387691569581938e-02
9.813836823804045206e-03
1.701415839759846255e-02
1.641924936590001549e-02
1.694697366424404925e-02
1.805709224502889329e-02
3.424335577287754284e-02
2.014353163223629381e-02
1.805709224502884125e-02
1.063358216883262576e-02
1.767956508906704666e-02
1.009803798146366796e-02
9.970863809275929204e-03
9.813836823804050410e-03
1.805709224502889329e-02
1.063358216883262403e-02
9.813836823804034798e-03
6.162772021480322250e-03
1.063358216883257198e-02
9.813836823804045206e-03
1.009803798146360725e-02
1.063358216883257198e-02
2.014353163223641871e-02
1.805709224502884125e-02
1.641924936590003978e-02
9.813836823804036533e-03
1.659647336269898243e-02
9.970863809275930939e-03
1.004807851016351582e-02
1.009803798146361072e-02
1.888321590906940142e-02
1.767956508906703972e-02
1.659647336269897896e-02
1.063358216883257372e-02
1.868003922152138702e-02
1.805709224502888288e-02
1.888321590906940142e-02
2.014353163223641524e-02
3.859893578064738789e-02
3.424335577287745264e-02
3.092089721234342337e-02
1.805709224502885166e-02
3.021820442493765302e-02
1.694697366424401455e-02
1.683736932641083373e-02
1.641924936590003978e-02
3.038765177627637815e-02
1.701415839759842438e-02
1.579125143583513802e-02
9.813836823804041737e-03
1.701415839759845908e-02
1.537387691569581764e-02
1.590403981681362891e-02
1.659647336269898590e-02
3.160803759929309981e-02
1.840759254657390459e-02
1.683736932641082679e-02
9.970863809275932674e-03
1.694697366424405272e-02
9.970863809275927470e-03
1.009803798146361072e-02
1.004807851016351929e-02
1.888321590906940142e-02
1.683736932641083026e-02
1.590403981681362544e-02
1.009803798146361418e-02
1.783784345886517408e-02
1.694697366424404925e-02
1.783784345886517755e-02
1.888321590906940142e-02
3.640834629794376109e-02
3.311148669504707098e-02
3.021820442493763567e-02
1.767956508906704319e-02
2.992887064866798369e-02
1.683736932641082679e-02
1.694697366424404578e-02
1.659647336269898243e-02
3.105608800055194296e-02
1.809693960920635836e-02
1.701415839759845214e-02
1.063358216883257198e-02
1.868003922152138355e-02
1.701415839759845908e-02
1.783784345886516021e-02
1.868003922152139396e-02
3.594956517033537358e-02
3.285352259852204748e-02
3.038765177627636774e-02
1.805709224502888288e-02
3.105608800055193602e-02
1.840759254657393929e-02
1.888321590906939795e-02
1.888321590906939101e-02
3.585602014301259716e-02
3.311148669504711262e-02
3.160803759929308593e-02
2.014353163223640830e-02
3.594956517033536664e-02
3.424335577287753590e-02
3.640834629794376109e-02
3.859893578064738789e-02
7.500095723890704003e-02
6.429109711742085620e-02
6.129286136761559478e-02
3.424335577287745958e-02
6.027174442534235371e-02
3.160803759929304430e-02
3.311148669504709874e-02
3.092089721234345112e-02
6.001407011488023302e-02
3.105608800055186663e-02
3.038765177627634692e-02
1.805709224502885513e-02
3.285352259852205442e-02
2.773828116596431526e-02
3.021820442493766343e-02
3.021820442493767037e-02
6.027174442534243004e-02
3.105608800055186663e-02
2.992887064866794206e-02
1.694697366424401108e-02
3.021820442493764261e-02
1.659647336269895815e-02
1.767956508906705013e-02
1.683736932641084066e-02
3.311148669504714037e-02
2.718595501103314438e-02
2.703093665261206008e-02
1.641924936590004672e-02
3.038765177627637815e-02
2.703093665261206355e-02
2.992887064866799410e-02
3.038765177627638162e-02
6.129286136761567805e-02
3.160803759929302348e-02
3.038765177627633998e-02
1.701415839759842438e-02
3.021820442493763567e-02
1.590403981681360115e-02
1.683736932641083026e-02
1.579125143583515883e-02
3.092089721234346847e-02
1.659647336269896162e-02
1.641924936590001549e-02
9.813836823804043472e-03
1.805709224502888635e-02
1.537387691569582458e-02
1.694697366424404925e-02
1.701415839759846602e-02
3.424335577287753590e-02
2.773828116596429097e-02
2.703093665261206008e-02
1.537387691569581938e-02
2.773828116596433260e-02
1.537387691569581591e-02
1.659647336269898590e-02
1.590403981681362891e-02
3.160803759929309287e-02
2.703093665261206008e-02
2.718595501103319642e-02
1.659647336269898243e-02
3.105608800055193255e-02
2.773828116596432913e-02
3.105608800055194296e-02
3.160803759929309287e-02
6.429109711742096722e-02
3.424335577287744570e-02
3.311148669504708486e-02
1.840759254657390806e-02
3.285352259852205442e-02
1.701415839759843132e-02
1.809693960920636530e-02
1.683736932641084066e-02
3.311148669504713343e-02
1.694697366424401108e-02
1.683736932641082679e-02
9.970863809275939613e-03
1.840759254657393929e-02
1.537387691569582458e-02
1.701415839759846255e-02
1.694697366424405272e-02
3.424335577287752896e-02
1.805709224502884472e-02
1.767956508906704666e-02
9.970863809275943082e-03
1.805709224502889329e-02
9.813836823804043472e-03
1.063358216883257719e-02
1.009803798146361765e-02
2.014353163223641871e-02
1.641924936590003631e-02
1.659647336269898243e-02
1.004807851016351755e-02
1.888321590906940142e-02
1.659647336269898243e-02
1.868003922152139049e-02
1.888321590906940142e-02
3.859893578064739483e-02
3.092089721234340602e-02
3.021820442493763914e-02
1.683736932641083719e-02
3.038765177627637468e-02
1.579125143583514496e-02
1.701415839759845561e-02
1.590403981681363585e-02
3.160803759929308593e-02
1.683736932641083373e-02
1.694697366424404925e-02
1.009803798146361418e-02
1.888321590906939448e-02
1.590403981681363238e-02
1.783784345886516368e-02
1.783784345886517061e-02
3.640834629794376109e-02
3.021820442493764261e-02
2.992887064866798022e-02
1.694697366424404578e-02
3.105608800055192562e-02
1.701415839759845908e-02
1.868003922152138355e-02
1.783784345886517408e-02
3.594956517033538745e-02
3.038765177627636774e-02
3.105608800055192908e-02
1.888321590906939448e-02
3.585602014301259022e-02
3.160803759929307899e-02
3.594956517033537358e-02
3.640834629794376109e-02
7.500095723890701227e-02
6.129286136761557396e-02
6.027174442534235371e-02
3.311148669504709874e-02
6.001407011488022608e-02
3.038765177627633651e-02
3.285352259852206136e-02
3.021820442493765302e-02
6.027174442534240228e-02
2.992887064866793512e-02
3.021820442493763567e-02
1.767956508906704666e-02
3.311148669504712649e-02
2.703093665261206008e-02
3.038765177627638162e-02
2.992887064866799410e-02
6.129286136761567805e-02
3.038765177627633304e-02
3.021820442493763220e-02
1.683736932641083026e-02
3.092089721234347194e-02
1.641924936590001549e-02
1.805709224502888635e-02
1.694697366424405272e-02
3.424335577287754284e-02
2.703093665261205314e-02
2.773828116596434648e-02
1.659647336269898937e-02
3.160803759929309287e-02
2.718595501103319642e-02
3.105608800055193949e-02
3.105608800055193602e-02
6.429109711742096722e-02
3.311148669504707098e-02
3.285352259852205442e-02
1.809693960920636183e-02
3.311148669504711956e-02
1.683736932641083373e-02
1.840759254657393582e-02
1.701415839759845908e-02
3.424335577287753590e-02
1.767956508906704319e-02
1.805709224502888635e-02
1.063358216883256852e-02
2.014353163223640830e-02
1.659647336269898243e-02
1.888321590906940489e-02
1.868003922152139049e-02
3.859893578064739483e-02
3.021820442493764261e-02
3.038765177627636774e-02
1.701415839759845908e-02
3.160803759929309287e-02
1.694697366424405272e-02
1.888321590906940142e-02
1.783784345886517408e-02
3.640834629794376109e-02
2.992887064866798022e-02
3.105608800055193255e-02
1.868003922152138008e-02
3.594956517033538745e-02
3.105608800055193602e-02
3.585602014301259716e-02
3.594956517033538052e-02
7.500095723890702615e-02
6.027174442534231902e-02
6.001407011488020526e-02
3.285352259852205442e-02
6.027174442534240228e-02
3.021820442493763914e-02
3.311148669504714037e-02
3.038765177627638162e-02
6.129286136761565029e-02
3.021820442493762873e-02
3.092089721234347541e-02
1.805709224502888288e-02
3.424335577287753590e-02
2.773828116596432913e-02
3.160803759929309981e-02
3.105608800055193602e-02
6.429109711742092559e-02
3.285352259852204748e-02
3.311148669504712649e-02
1.840759254657393582e-02
3.424335577287753590e-02
1.805709224502888982e-02
2.014353163223641871e-02
1.888321590906939795e-02
3.859893578064739483e-02
3.038765177627636427e-02
3.160803759929309287e-02
1.888321590906939795e-02
3.640834629794376803e-02
3.105608800055193255e-02
3.594956517033538052e-02
3.585602014301260410e-02
7.500095723890702615e-02
6.001407011488018445e-02
6.027174442534236759e-02
3.311148669504710568e-02
6.129286136761563641e-02
3.092089721234346500e-02
3.424335577287753590e-02
3.160803759929309287e-02
6.429109711742091171e-02
3.311148669504711262e-02
3.424335577287754284e-02
2.014353163223640483e-02
3.859893578064739483e-02
3.160803759929308593e-02
3.640834629794376803e-02
3.594956517033536664e-02
7.500095723890702615e-02
6.027174442534237453e-02
6.129286136761562948e-02
3.424335577287752896e-02
6.429109711742091171e-02
3.424335577287752896e-02
3.859893578064739483e-02
3.640834629794376109e-02
7.500095723890702615e-02
6.129286136761564335e-02
6.429109711742093947e-02
3.859893578064738096e-02
7.500095723890702615e-02
6.429109711742093947e-02
7.500095723890702615e-02
7.500095723890704003e-02
1.577458437526734480e-01
