6.982227759649660692e-01
3.499930984917824783e-02
3.499930984917808824e-02
3.508831002832246172e-03
3.499930984917816457e-02
1.758793806965055356e-03
3.508831002832250509e-03
4.397257946822436436e-04
3.499930984917828947e-02
1.754425263528337385e-03
1.758793806964985534e-03
1.768369575561203728e-04
3.508831002832330306e-03
1.768369575560584106e-04
4.397257946821553354e-04
6.308271311942018067e-05
3.499930984917785926e-02
1.754391137990307659e-03
1.754425263528536227e-03
1.759379420253615045e-04
1.758793806964975559e-03
8.840867015964815057e-05
1.768369575560618800e-04
2.265271880932256954e-05
3.508831002832189794e-03
1.759379420257548531e-04
1.768369575560787936e-04
1.828417537260714583e-05
4.397257946821600517e-04
2.265271880932793295e-05
6.308271311953633938e-05
1.851154939297560762e-05
3.499930984917819926e-02
1.754390387764627685e-03
1.754391137990194251e-03
1.759226983865969942e-04
1.754425263528302040e-03
8.817891091251949475e-05
1.759379420257519528e-04
2.234717416558550251e-05
1.758793806965020228e-03
8.817891091251910173e-05
8.840867015963778288e-05
9.039951979501030397e-06
1.768369575560699302e-04
9.062688780386469819e-06
2.265271880933114151e-05
6.231176922539757009e-06
3.508831002832186324e-03
1.759226983866022526e-04
1.759379420257604909e-04
1.794450519075467022e-05
1.768369575560675179e-04
9.039951979499969911e-06
1.828417537261272947e-05
5.332161392227960373e-06
4.397257946821591301e-04
2.234717416558335782e-05
2.265271880932961685e-05
5.332161392227960373e-06
6.308271311952187883e-05
6.231176922544962027e-06
1.851154939297569232e-05
6.308273316612232617e-05
3.499930984917819232e-02
1.754391137990196203e-03
1.754390387764625733e-03
1.759226983865962081e-04
1.754391137990203142e-03
8.817560347802388889e-05
1.759226983865960997e-04
2.231304861706606617e-05
1.754425263528302040e-03
8.795566433886893099e-05
8.817891091251686556e-05
8.973668685905113109e-06
1.759379420257543652e-04
8.974099337881098713e-06
2.234717416558427262e-05
5.332161110169520217e-06
1.758793806965009169e-03
8.817560347802688399e-05
8.817891091252349274e-05
8.950931885011840326e-06
8.840867015964004615e-05
4.498081953685231276e-06
9.039951979499466774e-06
2.229862353581767371e-06
1.768369575560676263e-04
8.974099337883067218e-06
9.062688780388816100e-06
2.009923214427048336e-06
2.265271880933064007e-05
2.239679834787380051e-06
6.231176922541134285e-06
2.265272604416894496e-05
3.508831002832202371e-03
1.759226983865957745e-04
1.759226983865961810e-04
1.790962941667605723e-05
1.759379420257497031e-04
8.950931885015916248e-06
1.794450519076189372e-05
4.417901940700514383e-06
1.768369575560678703e-04
8.973668685904813259e-06
9.039951979496429314e-06
2.000103106457486056e-06
1.828417537261223480e-05
2.009923214426998785e-06
5.332161392232437789e-06
2.234718140042118498e-05
4.397257946821540343e-04
2.231304861706326080e-05
2.234717416558514337e-05
4.417901940700686331e-06
2.265271880933009458e-05
2.229862353583766792e-06
5.332161392232383579e-06
2.231305586232106705e-05
6.308271311954246512e-05
5.332161110172315426e-06
6.231176922544457195e-06
2.234718140042192021e-05
1.851154939295083699e-05
2.265272604416523495e-05
6.308273316610424710e-05
4.397259410237697261e-04
3.499930984917820620e-02
1.754425263528303774e-03
1.754391137990196203e-03
1.759379420257526575e-04
1.754390387764628986e-03
8.817891091252063316e-05
1.759226983865944463e-04
2.234717416558348318e-05
1.754391137990196636e-03
8.795566433886616627e-05
8.817560347802476980e-05
8.974099337883585602e-06
1.759226983865983223e-04
8.973668685906166818e-06
2.231304861706479562e-05
5.332161110169061972e-06
1.754425263528292065e-03
8.795566433887352529e-05
8.795566433887555817e-05
8.907816051250529862e-06
8.817891091251994198e-05
4.475929062669854371e-06
8.973668685905533237e-06
2.009923143025008019e-06
1.759379420257514920e-04
8.907816051249425331e-06
8.974099337880319443e-06
1.786673942616200061e-06
2.234717416558407272e-05
2.009923143029040320e-06
5.332161110173596140e-06
1.828418115500521151e-05
1.758793806965013723e-03
8.817891091251841055e-05
8.817560347802504085e-05
8.950931885014444105e-06
8.817891091251926436e-05
4.475659061873986196e-06
8.950931885015399558e-06
2.000103035065452586e-06
8.840867015963755249e-05
4.475929062669247895e-06
4.498081953687541982e-06
8.928804045007899346e-07
9.039951979496620743e-06
8.950891489447886323e-07
2.229862353581153272e-06
9.039954886901433522e-06
1.768369575560680329e-04
8.973668685904918291e-06
8.974099337883343350e-06
1.776856461421531046e-06
9.062688780386637531e-06
8.950891489494268788e-07
2.009923214426097542e-06
8.973671600268643751e-06
2.265271880933315406e-05
2.009923143027690996e-06
2.239679834788050054e-06
8.974102252240707592e-06
6.231176922540950479e-06
9.062691694750115657e-06
2.265272604416503167e-05
1.768370164219735911e-04
3.508831002832205406e-03
1.759379420257533081e-04
1.759226983865940126e-04
1.794450519076072820e-05
1.759226983865947987e-04
8.950931885015391088e-06
1.790962941667050069e-05
4.417901940698925349e-06
1.759379420257538502e-04
8.907816051247356877e-06
8.950931885015467321e-06
1.776856461421461165e-06
1.794450519076775519e-05
1.776856461420160123e-06
4.417901940696470648e-06
1.794451096273618900e-05
1.768369575560707976e-04
8.974099337882079577e-06
8.973668685906702143e-06
1.776856461419048180e-06
9.039951979498265681e-06
8.928804044878521416e-07
2.000103106465193632e-06
8.950934792413400498e-06
1.828417537261253973e-05
1.786673942619889948e-06
2.009923214426620161e-06
8.907818958649474397e-06
5.332161392233083228e-06
8.974102252239418408e-06
2.234718140041718360e-05
1.759380006096030206e-04
4.397257946821554438e-04
2.234717416558209066e-05
2.231304861706432128e-05
4.417901940700665155e-06
2.234717416558343914e-05
2.000103035065059986e-06
4.417901940696743392e-06
1.790963519905120559e-05
2.265271880933166667e-05
2.009923143027528366e-06
2.229862353583196739e-06
8.950934792417300238e-06
5.332161392230130471e-06
8.973671600270339511e-06
2.231305586232741641e-05
1.759227569704501762e-04
6.308271311955487924e-05
5.332161110173137048e-06
5.332161110171594601e-06
1.794451096273212324e-05
6.231176922545454153e-06
9.039954886900633923e-06
2.234718140041749870e-05
1.759227569704500135e-04
1.851154939297305975e-05
1.828418115500589930e-05
2.265272604416643435e-05
1.759380006096038880e-04
6.308273316612339682e-05
1.768370164219755156e-04
4.397259410238100585e-04
3.508832171809282002e-03
3.499930984917817151e-02
1.758793806965003531e-03
1.754425263528298353e-03
1.768369575560670842e-04
1.754391137990204659e-03
8.840867015963843340e-05
1.759379420257489442e-04
2.265271880933185302e-05
1.754390387764634190e-03
8.817891091251986067e-05
8.817891091252017238e-05
9.062688780389564877e-06
1.759226983865994607e-04
9.039951979498789147e-06
2.234717416558369663e-05
6.231176922539873900e-06
1.754391137990193384e-03
8.817560347802542032e-05
8.795566433887546331e-05
8.974099337885733677e-06
8.817560347802598953e-05
4.498081953682126054e-06
8.974099337883734680e-06
2.239679834786413163e-06
1.759226983865942024e-04
8.950931885014931996e-06
8.973668685906099055e-06
2.009923214427971602e-06
2.231304861706444326e-05
2.229862353583014203e-06
5.332161110171946967e-06
2.265272604416619380e-05
1.754425263528296185e-03
8.817891091251679780e-05
8.795566433886814494e-05
8.973668685906246439e-06
8.795566433886956796e-05
4.475929062668976845e-06
8.907816051250191049e-06
2.009923143025563250e-06
8.817891091251842410e-05
4.475659061881705207e-06
4.475929062669260601e-06
8.950891489402258776e-07
8.973668685904242359e-06
8.950891489464490286e-07
2.009923143028707859e-06
9.062691694751748737e-06
1.759379420257518986e-04
8.950931885015414805e-06
8.907816051251337932e-06
1.776856461421025367e-06
8.974099337880553224e-06
8.928804044993507198e-07
1.786673942621835159e-06
8.974102252243834838e-06
2.234717416558633938e-05
2.000103035067406691e-06
2.009923143029109776e-06
8.973671600272074234e-06
5.332161110172794000e-06
9.039954886899492122e-06
1.828418115500611275e-05
1.768370164219743501e-04
1.758793806965016542e-03
8.840867015963492330e-05
8.817891091251777358e-05
9.039951979497691393e-06
8.817560347802617926e-05
4.498081953684963614e-06
8.950931885015474097e-06
2.229862353583425438e-06
8.817891091251690622e-05
4.475929062667373412e-06
4.475659061878976067e-06
8.950891489392341079e-07
8.950931885016107678e-06
8.928804045066854957e-07
2.000103035067310129e-06
9.039954886899592072e-06
8.840867015963757959e-05
4.498081953685093210e-06
4.475929062672210817e-06
8.928804045009962930e-07
4.498081953684103029e-06
4.475647927118903073e-07
8.928804045044284705e-07
4.498083414738290379e-06
9.039951979497286511e-06
8.928804044943370259e-07
8.950891489385321293e-07
4.475930523705531511e-06
2.229862353584801866e-06
4.498083414731354026e-06
9.039954886901550412e-06
8.840869959806690783e-05
1.768369575560695237e-04
9.039951979499741212e-06
8.973668685903774797e-06
2.000103106466152897e-06
8.974099337882143952e-06
8.928804044998933503e-07
1.776856461419444168e-06
8.950934792417510302e-06
9.062688780390625363e-06
8.950891489377361301e-07
8.950891489309412318e-07
4.475660522930688387e-06
2.009923214427488370e-06
4.475930523714948823e-06
8.973671600270270054e-06
8.817894027954870247e-05
2.265271880933186318e-05
2.229862353584545215e-06
2.009923143028662543e-06
8.950934792414901440e-06
2.239679834785126097e-06
4.498083414739888730e-06
8.974102252240387414e-06
8.817563284505500751e-05
6.231176922543581363e-06
9.039954886900511950e-06
9.062691694752072303e-06
8.817894027954895997e-05
2.265272604416728477e-05
8.840869959806743638e-05
1.768370164219745669e-04
1.758794392917230158e-03
3.508831002832211044e-03
1.768369575560697134e-04
1.759379420257531996e-04
1.828417537260658340e-05
1.759226983865945818e-04
9.039951979500298560e-06
1.794450519076108396e-05
5.332161392231032561e-06
1.759226983865919526e-04
8.973668685905648434e-06
8.950931885016604039e-06
2.009923214427651000e-06
1.790962941667369570e-05
2.000103106467540760e-06
4.417901940702199132e-06
2.234718140041658729e-05
1.759379420257495134e-04
8.974099337882540363e-06
8.907816051252840568e-06
1.786673942618019064e-06
8.950931885016993674e-06
8.928804044955277424e-07
1.776856461419276879e-06
8.974102252242362695e-06
1.794450519076163961e-05
1.776856461417247600e-06
1.776856461418055881e-06
8.907818958640751651e-06
4.417901940699764759e-06
8.950934792413093872e-06
1.794451096273725626e-05
1.759380006096065172e-04
1.768369575560691442e-04
9.062688780387164386e-06
8.974099337879025176e-06
2.009923214427449406e-06
8.973668685902626220e-06
8.950891489394059497e-07
1.776856461417907227e-06
8.973671600270456401e-06
9.039951979498641764e-06
8.950891489405323976e-07
8.928804045043430261e-07
4.475930523714488037e-06
2.000103106470362227e-06
4.475660522942749289e-06
8.950934792416820817e-06
8.817894027954616815e-05
1.828417537261113704e-05
2.009923214424669444e-06
1.786673942621114334e-06
8.907818958645366287e-06
2.009923214424844780e-06
4.475930523715474830e-06
8.907818958646782526e-06
8.795569363450250408e-05
5.332161392228781995e-06
8.973671600269824515e-06
8.974102252242449092e-06
8.795569363450659694e-05
2.234718140041907757e-05
8.817894027954618170e-05
1.759380006096044030e-04
1.754425848028072455e-03
4.397257946821664485e-04
2.265271880932991162e-05
2.234717416558805716e-05
5.332161392224741647e-06
2.231304861706371481e-05
2.229862353583643972e-06
4.417901940702392255e-06
2.231305586232380466e-05
2.234717416558589892e-05
2.009923143027873955e-06
2.000103035067970392e-06
8.973671600275099836e-06
4.417901940703053788e-06
8.950934792414433878e-06
1.790963519906259310e-05
1.759227569704522904e-04
2.265271880933048421e-05
2.239679834785181154e-06
2.009923143028527865e-06
8.974102252242565982e-06
2.229862353586046157e-06
4.498083414732246799e-06
8.950934792413888389e-06
8.817563284505470936e-05
5.332161392228115380e-06
8.974102252239850395e-06
8.973671600271713398e-06
8.795569363450399486e-05
2.231305586232847012e-05
8.817563284505489909e-05
1.759227569704518296e-04
1.754391722479550471e-03
6.308271311955154532e-05
6.231176922545525304e-06
5.332161110172070633e-06
2.234718140041665844e-05
5.332161110172870233e-06
9.039954886898733181e-06
1.794451096273429503e-05
1.759227569704532119e-04
6.231176922544568157e-06
9.062691694752297614e-06
9.039954886901340348e-06
8.817894027954730656e-05
2.234718140042223869e-05
8.817894027954596486e-05
1.759227569704473301e-04
1.754390972253978701e-03
1.851154939300487430e-05
2.265272604416579061e-05
1.828418115500537414e-05
1.759380006096060022e-04
2.265272604416723056e-05
8.840869959806671810e-05
1.759380006096047824e-04
1.754391722479550688e-03
6.308273316609393363e-05
1.768370164219775485e-04
1.768370164219750548e-04
1.754425848028072455e-03
4.397259410238229063e-04
1.758794392917231893e-03
3.508832171809285905e-03
3.499932150955480104e-02
3.499930984917821314e-02
3.508831002832201503e-03
1.758793806965019144e-03
4.397257946821612985e-04
1.754425263528297486e-03
1.768369575560709602e-04
1.768369575560750531e-04
6.308271311953965975e-05
1.754391137990203142e-03
1.759379420257452037e-04
8.840867015963442186e-05
2.265271880933101276e-05
1.759379420257532268e-04
1.828417537261736443e-05
2.265271880933438395e-05
1.851154939292568689e-05
1.754390387764621397e-03
1.759226983865972381e-04
8.817891091252242210e-05
2.234717416557757767e-05
8.817891091251797687e-05
9.039951979498778983e-06
9.062688780387728510e-06
6.231176922542359942e-06
1.759226983865936874e-04
1.794450519076109073e-05
9.039951979497284817e-06
5.332161392233125579e-06
2.234717416558283605e-05
5.332161392227260723e-06
6.231176922543320477e-06
6.308273316615181647e-05
1.754391137990197721e-03
1.759226983865943379e-04
8.817560347802380757e-05
2.231304861706602551e-05
8.795566433886836178e-05
8.973668685908535122e-06
8.974099337881808527e-06
5.332161110170747568e-06
8.817560347802485112e-05
8.950931885014017201e-06
4.498081953689088664e-06
2.229862353581359101e-06
8.974099337882320135e-06
2.009923214430399622e-06
2.239679834785234940e-06
2.265272604416429644e-05
1.759226983865928471e-04
1.790962941667563710e-05
8.950931885015485956e-06
4.417901940701075966e-06
8.973668685908814643e-06
2.000103106469160287e-06
2.009923214430058691e-06
2.234718140041288406e-05
2.231304861706584255e-05
4.417901940700402575e-06
2.229862353582491584e-06
2.231305586234313057e-05
5.332161110172667792e-06
2.234718140042184228e-05
2.265272604416431677e-05
4.397259410237215334e-04
1.754425263528293800e-03
1.759379420257534707e-04
8.817891091251719082e-05
2.234717416558179928e-05
8.795566433886760284e-05
8.974099337882152422e-06
8.973668685909783649e-06
5.332161110172290862e-06
8.795566433886769771e-05
8.907816051253462290e-06
4.475929062664959368e-06
2.009923143029584962e-06
8.907816051249560857e-06
1.786673942615419732e-06
2.009923143031765225e-06
1.828418115500391386e-05
8.817891091251744832e-05
8.950931885014308580e-06
4.475659061861724547e-06
2.000103035065326802e-06
4.475929062664375762e-06
8.928804044821285283e-07
8.950891489459584907e-07
9.039954886900862621e-06
8.973668685908596108e-06
1.776856461416856906e-06
8.950891489374765145e-07
8.973671600271120475e-06
2.009923143031608100e-06
8.974102252244841113e-06
9.062691694750229159e-06
1.768370164219746482e-04
1.759379420257542296e-04
1.794450519075959657e-05
8.950931885014916750e-06
4.417901940701653642e-06
8.907816051249659112e-06
1.776856461417700974e-06
1.776856461414342277e-06
1.794451096273778481e-05
8.974099337882110070e-06
1.776856461415011009e-06
8.928804044762145442e-07
8.950934792418121860e-06
1.786673942615331640e-06
8.907818958646438631e-06
8.974102252243663737e-06
1.759380006095976267e-04
2.234717416558202967e-05
4.417901940698797447e-06
2.000103035067334693e-06
1.790963519906449723e-05
2.009923143030463759e-06
8.950934792418345476e-06
8.973671600269846537e-06
1.759227569704412857e-04
5.332161110172495844e-06
1.794451096273706991e-05
9.039954886899397254e-06
1.759227569704434541e-04
1.828418115500433737e-05
1.759380006095986025e-04
1.768370164219738080e-04
3.508832171809285038e-03
1.758793806965014590e-03
1.768369575560696321e-04
8.840867015963593974e-05
2.265271880932971511e-05
8.817891091251620149e-05
9.062688780385258562e-06
9.039951979496832501e-06
6.231176922540616748e-06
8.817560347802539322e-05
8.974099337880724324e-06
4.498081953688998032e-06
2.239679834785977365e-06
8.950931885014061246e-06
2.009923214429016841e-06
2.229862353583156928e-06
2.265272604416619718e-05
8.817891091251663517e-05
8.973668685907413650e-06
4.475929062661328984e-06
2.009923143029204644e-06
4.475659061853578631e-06
8.950891489504189662e-07
8.950891489383231239e-07
9.062691694750135986e-06
8.950931885013890146e-06
1.776856461418053764e-06
8.928804044801175662e-07
8.974102252245420483e-06
2.000103035066460555e-06
8.973671600266790443e-06
9.039954886900662722e-06
1.768370164219755698e-04
8.840867015963745762e-05
9.039951979494067786e-06
4.498081953688004462e-06
2.229862353585093245e-06
4.475929062663062014e-06
8.950891489367371606e-07
8.928804044824280603e-07
9.039954886900400141e-06
4.498081953685006813e-06
8.928804044733069977e-07
4.475647927054065348e-07
4.498083414745412232e-06
8.928804044777327449e-07
4.475930523701842682e-06
4.498083414745963650e-06
8.840869959806894071e-05
9.039951979494235498e-06
2.000103106458920929e-06
8.928804044786442582e-07
8.950934792417042740e-06
8.950891489344264547e-07
4.475660522924887058e-06
4.475930523702477110e-06
8.817894027954840432e-05
2.229862353583878600e-06
8.950934792419990414e-06
4.498083414742971930e-06
8.817563284505778578e-05
9.039954886901809604e-06
8.817894027954813327e-05
8.840869959806823598e-05
1.758794392917225821e-03
1.768369575560705537e-04
1.828417537261287177e-05
9.039951979496656318e-06
5.332161392227657982e-06
8.973668685906952864e-06
2.009923214427358774e-06
2.000103106460819977e-06
2.234718140041667538e-05
8.974099337881412115e-06
1.786673942616057548e-06
8.928804044853280893e-07
8.974102252242081480e-06
1.776856461415825432e-06
8.907818958645386616e-06
8.950934792413093872e-06
1.759380006096036982e-04
9.062688780388063935e-06
2.009923214426649807e-06
8.950891489342621304e-07
8.973671600272123362e-06
8.950891489339653512e-07
4.475930523702040041e-06
4.475660522926415106e-06
8.817894027954855339e-05
2.009923214427005561e-06
8.907818958645035944e-06
4.475930523698823857e-06
8.795569363450299197e-05
8.973671600268204988e-06
8.795569363450387289e-05
8.817894027954532789e-05
1.754425848028071154e-03
2.265271880933511918e-05
5.332161392219768717e-06
2.229862353584720127e-06
2.231305586234410974e-05
2.009923143030685258e-06
8.973671600269651720e-06
8.950934792415804378e-06
1.759227569704430475e-04
2.239679834784467529e-06
8.974102252244336281e-06
4.498083414736214301e-06
8.817563284505488554e-05
8.974102252244276989e-06
8.795569363450053896e-05
8.817563284505076557e-05
1.754391722479544400e-03
6.231176922542990134e-06
2.234718140041678380e-05
9.039954886898435025e-06
1.759227569704418278e-04
9.062691694751259152e-06
8.817894027954700841e-05
8.817894027954515171e-05
1.754390972253979351e-03
2.265272604416664781e-05
1.759380006096015840e-04
8.840869959806934729e-05
1.754391722479543966e-03
1.768370164219741874e-04
1.754425848028070938e-03
1.758794392917229941e-03
3.499932150955470389e-02
3.508831002832208008e-03
4.397257946821564738e-04
1.768369575560683582e-04
6.308271311954201789e-05
1.759379420257539044e-04
2.265271880933198516e-05
1.828417537261133694e-05
1.851154939296789284e-05
1.759226983865921153e-04
2.234717416558394736e-05
9.039951979499246545e-06
6.231176922542237969e-06
1.794450519076725375e-05
5.332161392229983934e-06
5.332161392229773023e-06
6.308273316614562297e-05
1.759226983865914919e-04
2.231304861706481595e-05
8.973668685909602384e-06
5.332161110171522603e-06
8.950931885015628257e-06
2.229862353585260111e-06
2.009923214430756223e-06
2.265272604416571268e-05
1.790962941667416326e-05
4.417901940698424753e-06
2.000103106468568211e-06
2.234718140041114595e-05
4.417901940698063070e-06
2.231305586232806693e-05
2.234718140041286035e-05
4.397259410237718946e-04
1.759379420257500555e-04
2.234717416558076929e-05
8.974099337882220185e-06
5.332161110171887674e-06
8.907816051252156166e-06
2.009923143030719563e-06
1.786673942620619243e-06
1.828418115500505566e-05
8.950931885015272503e-06
2.000103035066519001e-06
8.928804045128387665e-07
9.039954886898206326e-06
1.776856461414104896e-06
8.973671600265751980e-06
8.974102252244542957e-06
1.768370164219761390e-04
1.794450519076371992e-05
4.417901940693235829e-06
1.776856461416465153e-06
1.794451096273907569e-05
1.776856461413807164e-06
8.950934792418870637e-06
8.907818958652496610e-06
1.759380006096038338e-04
4.417901940695947181e-06
1.790963519905288610e-05
8.950934792419780350e-06
1.759227569704456225e-04
1.794451096273514884e-05
1.759227569704428849e-04
1.759380006096041048e-04
3.508832171809294579e-03
1.768369575560670571e-04
2.265271880933040629e-05
9.062688780387550633e-06
6.231176922542575088e-06
8.974099337881517147e-06
2.239679834786602475e-06
2.009923214434983764e-06
2.265272604416409654e-05
8.973668685909658288e-06
2.009923143030621730e-06
8.950891489355203978e-07
9.062691694752834633e-06
1.776856461414891154e-06
8.974102252245162985e-06
8.973671600270244643e-06
1.768370164219773045e-04
9.039951979499417646e-06
2.229862353584078076e-06
8.950891489496612952e-07
9.039954886900532279e-06
8.928804045074813890e-07
4.498083414744346665e-06
4.475930523700041890e-06
8.840869959806818177e-05
2.000103106468504684e-06
8.950934792418375970e-06
4.475660522930857794e-06
8.817894027954794353e-05
8.950934792415033578e-06
8.817563284505328634e-05
8.817894027955031522e-05
1.758794392917227339e-03
1.828417537260980551e-05
5.332161392223856498e-06
2.009923214430328895e-06
2.234718140040975343e-05
1.786673942620731264e-06
8.974102252243972057e-06
8.907818958658928979e-06
1.759380006096094174e-04
2.009923214431590550e-06
8.973671600265541916e-06
4.475930523699147423e-06
8.817894027954657472e-05
8.907818958656775821e-06
8.795569363449652742e-05
8.795569363449931924e-05
1.754425848028068119e-03
5.332161392232290405e-06
2.231305586233070967e-05
8.973671600264539029e-06
1.759227569704471946e-04
8.974102252247090832e-06
8.817563284505725723e-05
8.795569363449342389e-05
1.754391722479543532e-03
2.234718140040532175e-05
1.759227569704449991e-04
8.817894027954867537e-05
1.754390972253982821e-03
1.759380006096033459e-04
1.754391722479543099e-03
1.754425848028068119e-03
3.499932150955466226e-02
4.397257946821749594e-04
6.308271311950211925e-05
2.265271880933060957e-05
1.851154939297183663e-05
2.234717416558460126e-05
6.231176922543455155e-06
5.332161392224301190e-06
6.308273316610693050e-05
2.231304861706314560e-05
5.332161110172438246e-06
2.229862353583448731e-06
2.265272604416911437e-05
4.417901940693762683e-06
2.234718140041511006e-05
2.231305586233206154e-05
4.397259410237961807e-04
2.234717416559106921e-05
5.332161110175700170e-06
2.009923143030766573e-06
1.828418115500507599e-05
2.000103035065272592e-06
9.039954886898285947e-06
8.973671600261689610e-06
1.768370164219766811e-04
4.417901940700173029e-06
1.794451096274100014e-05
8.950934792417174877e-06
1.759380006096075743e-04
1.790963519905548480e-05
1.759227569704434812e-04
1.759227569704423157e-04
3.508832171809361366e-03
2.265271880933130075e-05
6.231176922543746535e-06
2.239679834787650255e-06
2.265272604416562459e-05
2.009923143028553276e-06
9.062691694756490427e-06
8.974102252239841924e-06
1.768370164219779008e-04
2.229862353582541559e-06
9.039954886897579522e-06
4.498083414741015284e-06
8.840869959806537640e-05
8.950934792416039853e-06
8.817894027954689999e-05
8.817563284505640342e-05
1.758794392917227773e-03
5.332161392234603652e-06
2.234718140041445954e-05
8.974102252240871917e-06
1.759380006096073032e-04
8.973671600260690111e-06
8.817894027954927168e-05
8.795569363449767938e-05
1.754425848028069636e-03
2.231305586232315753e-05
1.759227569704452702e-04
8.817563284505514304e-05
1.754391722479544183e-03
1.759227569704426952e-04
1.754390972253979785e-03
1.754391722479541798e-03
3.499932150955466226e-02
6.308271311951004748e-05
1.851154939295570573e-05
6.231176922545035719e-06
6.308273316611548215e-05
5.332161110173727430e-06
2.265272604416428967e-05
2.234718140040233681e-05
4.397259410237721114e-04
5.332161110172385730e-06
1.828418115500415103e-05
9.039954886901955294e-06
1.768370164219795814e-04
1.794451096273734435e-05
1.759380006096084958e-04
1.759227569704455412e-04
3.508832171809405601e-03
6.231176922544539357e-06
2.265272604416400167e-05
9.062691694750649288e-06
1.768370164219799066e-04
9.039954886901674079e-06
8.840869959806704336e-05
8.817894027954669670e-05
1.758794392917227122e-03
2.234718140040674477e-05
1.759380006096073303e-04
8.817894027954511105e-05
1.754425848028067685e-03
1.759227569704440504e-04
1.754391722479547002e-03
1.754390972253983688e-03
3.499932150955466226e-02
1.851154939298080502e-05
6.308273316612927862e-05
2.265272604416404572e-05
4.397259410237603478e-04
1.828418115500478122e-05
1.768370164219790935e-04
1.759380006096063003e-04
3.508832171809397795e-03
2.265272604416321902e-05
1.768370164219775485e-04
8.840869959806667744e-05
1.758794392917227773e-03
1.759380006096035627e-04
1.754425848028062264e-03
1.754391722479542882e-03
3.499932150955466920e-02
6.308273316612210933e-05
4.397259410237413201e-04
1.768370164219763287e-04
3.508832171809398662e-03
1.768370164219761119e-04
1.758794392917226472e-03
1.754425848028068119e-03
3.499932150955466920e-02
4.397259410237180639e-04
3.508832171809381315e-03
1.758794392917224520e-03
3.499932150955467614e-02
3.508832171809337080e-03
3.499932150955468307e-02
3.499932150955466920e-02
6.982230085850813506e-01
