6.709748117844873683e-01
6.780014534861733555e-02
6.780014534861780739e-02
1.371229516635191423e-02
6.780014534861775188e-02
6.922925418068896254e-03
1.371229516635160545e-02
3.484887939509781051e-03
6.780014534861784903e-02
6.854712872652429269e-03
6.922925418068917938e-03
1.422139661167522856e-03
1.371229516635160545e-02
1.422139661167595714e-03
3.484887939508379828e-03
1.066518335876898149e-03
6.780014534861772413e-02
6.852372525816163851e-03
6.854712872652435340e-03
1.392055061934009685e-03
6.922925418069082737e-03
7.098812430560404521e-04
1.422139661167646889e-03
3.897003842667288824e-04
1.371229516635190382e-02
1.392055061933973690e-03
1.422139661167653828e-03
3.214878388500442435e-04
3.484887939509650080e-03
3.897003842667183114e-04
1.066518335879697993e-03
5.874271681931119565e-04
6.780014534861766862e-02
6.852197756497499168e-03
6.852372525816170790e-03
1.390194958137725388e-03
6.854712872652398911e-03
7.017101368422521855e-04
1.392055061933959378e-03
3.708830805765247476e-04
6.922925418069086206e-03
7.017101368422646538e-04
7.098812430560369827e-04
1.547478354700329464e-04
1.422139661167647106e-03
1.563079777933444267e-04
3.897003842666703897e-04
2.035325607291204729e-04
1.371229516635188647e-02
1.390194958137721485e-03
1.392055061933976726e-03
3.003301883235990309e-04
1.422139661167664453e-03
1.547478354700414574e-04
3.214878388500524292e-04
1.734479614955795196e-04
3.484887939509673932e-03
3.708830805765218203e-04
3.897003842667440612e-04
1.734479614955899279e-04
1.066518335879861057e-03
2.035325607292704994e-04
5.874271681934085942e-04
1.066518335394936456e-03
6.780014534861766862e-02
6.852372525816154310e-03
6.852197756497524321e-03
1.390194958137726906e-03
6.852372525816158647e-03
7.012919317467478358e-04
1.390194958137705005e-03
3.685427337411972186e-04
6.854712872652398044e-03
6.943272191532779986e-04
7.017101368422538118e-04
1.505142133638531993e-04
1.392055061933960246e-03
1.506158984225714121e-04
3.708830805764495040e-04
1.734479615085655511e-04
6.922925418069080135e-03
7.012919317467555336e-04
7.017101368422595581e-04
1.489540710405517208e-04
7.098812430560456563e-04
7.602043655224286238e-05
1.547478354700446829e-04
7.339233341664473480e-05
1.422139661167664019e-03
1.506158984225798147e-04
1.563079777933473269e-04
6.642762082316092500e-05
3.897003842667428144e-04
7.459757406479228877e-05
2.035325607292636960e-04
3.897003840861711110e-04
1.371229516635187953e-02
1.390194958137725388e-03
1.390194958137727557e-03
2.978150721696370138e-04
1.392055061933976726e-03
1.489540710405478990e-04
3.003301883236016330e-04
1.415032584787659961e-04
1.422139661167664453e-03
1.505142133638625234e-04
1.547478354700438969e-04
6.522122720285509936e-05
3.214878388500603981e-04
6.642762082316341866e-05
1.734479614955719031e-04
3.708830803959545621e-04
3.484887939509681738e-03
3.685427337411971644e-04
3.708830805765207903e-04
1.415032584787654540e-04
3.897003842667462838e-04
7.339233341664611716e-05
1.734479614955785709e-04
3.685427335597347346e-04
1.066518335879871682e-03
1.734479615086955741e-04
2.035325607292751344e-04
3.708830803959758666e-04
5.874271681934299530e-04
3.897003840861953971e-04
1.066518335394958574e-03
3.484887937624635366e-03
6.780014534861766862e-02
6.854712872652380697e-03
6.852372525816173392e-03
1.392055061933978460e-03
6.852197756497518250e-03
7.017101368422517518e-04
1.390194958137711510e-03
3.708830805765238802e-04
6.852372525816166453e-03
6.943272191532806007e-04
7.012919317467436074e-04
1.506158984225720897e-04
1.390194958137709342e-03
1.505142133638584848e-04
3.685427337411284802e-04
1.734479615085673400e-04
6.854712872652407585e-03
6.943272191532813596e-04
6.943272191532733366e-04
1.463822763157225767e-04
7.017101368422608591e-04
7.459194127275264429e-05
1.505142133638591624e-04
6.642762082664563209e-05
1.392055061933976292e-03
1.463822763157233086e-04
1.506158984225798418e-04
5.904355016550389687e-05
3.708830805765189471e-04
6.642762082664706866e-05
1.734479615086827805e-04
3.214878387059325244e-04
6.922925418069074063e-03
7.017101368422606423e-04
7.012919317467557504e-04
1.489540710405494169e-04
7.017101368422641117e-04
7.452758626276081749e-05
1.489540710405427490e-04
6.522122720634213749e-05
7.098812430560454394e-04
7.459194127275408086e-05
7.602043655224393303e-05
2.950125413603673285e-05
1.547478354700369851e-04
2.978212734156255082e-05
7.339233341663885300e-05
1.547478353963711395e-04
1.422139661167664236e-03
1.505142133638619542e-04
1.506158984225800857e-04
5.783830951735813183e-05
1.563079777933529648e-04
2.978212734156155132e-05
6.642762082315642556e-05
1.505142132895101611e-04
3.897003842667485065e-04
6.642762082664824773e-05
7.459757406479341363e-05
1.506158983482333883e-04
2.035325607292742941e-04
1.563079777190086797e-04
3.897003840861976197e-04
1.422139660395719011e-03
1.371229516635187433e-02
1.392055061933975425e-03
1.390194958137723437e-03
3.003301883236025004e-04
1.390194958137720184e-03
1.489540710405472756e-04
2.978150721696390738e-04
1.415032584787671616e-04
1.392055061933973256e-03
1.463822763157204626e-04
1.489540710405415564e-04
5.783830951735540778e-05
3.003301883236090598e-04
5.783830951735768460e-05
1.415032584787588674e-04
3.003301881803941927e-04
1.422139661167664887e-03
1.506158984225814410e-04
1.505142133638574277e-04
5.783830951735570593e-05
1.547478354700401564e-04
2.950125413603752229e-05
6.522122720285392029e-05
1.489540709668950910e-04
3.214878388500614823e-04
5.904355016550498107e-05
6.642762082315928514e-05
1.463822762420395195e-04
1.734479614955826096e-04
1.506158983482297562e-04
3.708830803959772761e-04
1.392055061175145143e-03
3.484887939509671764e-03
3.708830805765210613e-04
3.685427337412024227e-04
1.415032584787694655e-04
3.708830805765224708e-04
6.522122720634301841e-05
1.415032584787687337e-04
2.978150720255333720e-04
3.897003842667441154e-04
6.642762082664850523e-05
7.339233341664367770e-05
1.489540709668943049e-04
1.734479614955849948e-04
1.505142132895131697e-04
3.685427335597297473e-04
1.390194957378889469e-03
1.066518335879903341e-03
1.734479615086938664e-04
1.734479615086929178e-04
3.003301881804093716e-04
2.035325607292765167e-04
1.547478353963830928e-04
3.708830803959771677e-04
1.390194957378897925e-03
5.874271681934097869e-04
3.214878387059517148e-04
3.897003840861949634e-04
1.392055061175144492e-03
1.066518335395000208e-03
1.422139660395723782e-03
3.484887937624662254e-03
1.371229515881616443e-02
6.780014534861765474e-02
6.922925418069063655e-03
6.854712872652407585e-03
1.422139661167662935e-03
6.852372525816154310e-03
7.098812430560325374e-04
1.392055061933961330e-03
3.897003842667298582e-04
6.852197756497527791e-03
7.017101368422585823e-04
7.017101368422509929e-04
1.563079777933453483e-04
1.390194958137709559e-03
1.547478354700324856e-04
3.708830805764451672e-04
2.035325607290739065e-04
6.852372525816156912e-03
7.012919317467627978e-04
6.943272191532751797e-04
1.506158984225850189e-04
7.012919317467555336e-04
7.602043655224370263e-05
1.506158984225783510e-04
7.459757406478978155e-05
1.390194958137729508e-03
1.489540710405483869e-04
1.505142133638621711e-04
6.642762082316062684e-05
3.685427337411985196e-04
7.339233341664159061e-05
1.734479615086847591e-04
3.897003840861607568e-04
6.854712872652399779e-03
7.017101368422601002e-04
6.943272191532720355e-04
1.505142133638617103e-04
6.943272191532722524e-04
7.459194127275641190e-05
1.463822763157203270e-04
6.642762082664548302e-05
7.017101368422609675e-04
7.452758626275435294e-05
7.459194127275832280e-05
2.978212734156419745e-05
1.505142133638619542e-04
2.978212734156320134e-05
6.642762082664031950e-05
1.563079777189980545e-04
1.392055061933975425e-03
1.489540710405487121e-04
1.463822763157187549e-04
5.783830951735779980e-05
1.506158984225802755e-04
2.950125413604378017e-05
5.904355016550810493e-05
1.506158983482365054e-04
3.708830805765239887e-04
6.522122720634213749e-05
6.642762082664677051e-05
1.505142132895155821e-04
1.734479615086983659e-04
1.547478353963806805e-04
3.214878387059536121e-04
1.422139660395712940e-03
6.922925418069069727e-03
7.098812430560412111e-04
7.017101368422643285e-04
1.547478354700420266e-04
7.012919317467541241e-04
7.602043655224535604e-05
1.489540710405492000e-04
7.339233341664480256e-05
7.017101368422596665e-04
7.459194127275600532e-05
7.452758626273880819e-05
2.978212734156324200e-05
1.489540710405474653e-04
2.950125413603747824e-05
6.522122720633429058e-05
1.547478353963672906e-04
7.098812430560434879e-04
7.602043655224356711e-05
7.459194127275722505e-05
2.950125413604056822e-05
7.602043655224683327e-05
1.490290779978227483e-05
2.950125413603648891e-05
7.602043651469909599e-05
1.547478354700359280e-04
2.950125413603781028e-05
2.978212734156480054e-05
7.459194123520119363e-05
7.339233341664562927e-05
7.602043651470031572e-05
1.547478353963781597e-04
7.098812426689693261e-04
1.422139661167663802e-03
1.547478354700360635e-04
1.505142133638616019e-04
6.522122720285180610e-05
1.506158984225793268e-04
2.950125413604066309e-05
5.783830951735794887e-05
1.489540709668996446e-04
1.563079777933533985e-04
2.978212734156426860e-05
2.978212734155642508e-05
7.452758622520558568e-05
6.642762082316714561e-05
7.459194123520557110e-05
1.505142132895173439e-04
7.017101364586689378e-04
3.897003842667440612e-04
7.339233341664606295e-05
6.642762082664694669e-05
1.489540709668920281e-04
7.459757406479356270e-05
7.602043651469752390e-05
1.506158983482339575e-04
7.012919313631677323e-04
2.035325607292735894e-04
1.547478353963798673e-04
1.563079777190096555e-04
7.017101364586688294e-04
3.897003840862035828e-04
7.098812426689733376e-04
1.422139660395722481e-03
6.922925414262669219e-03
1.371229516635190208e-02
1.422139661167668356e-03
1.392055061933984532e-03
3.214878388500640844e-04
1.390194958137724304e-03
1.547478354700353588e-04
3.003301883236079214e-04
1.734479614955828806e-04
1.390194958137723003e-03
1.505142133638621440e-04
1.489540710405490374e-04
6.642762082315946132e-05
2.978150721696444406e-04
6.522122720285141307e-05
1.415032584787581898e-04
3.708830803959587905e-04
1.392055061933976292e-03
1.506158984225765892e-04
1.463822763157182128e-04
5.904355016550769157e-05
1.489540710405481429e-04
2.950125413602157435e-05
5.783830951735968360e-05
1.506158983482327107e-04
3.003301883236125292e-04
5.783830951735815216e-05
5.783830951735750164e-05
1.463822762420555115e-04
1.415032584787678663e-04
1.489540709668955517e-04
3.003301881804011858e-04
1.392055061175134518e-03
1.422139661167662284e-03
1.563079777933528564e-04
1.506158984225785679e-04
6.642762082316173815e-05
1.505142133638627132e-04
2.978212734155609643e-05
5.783830951735818604e-05
1.505142132895161513e-04
1.547478354700329193e-04
2.978212734154944892e-05
2.950125413602805246e-05
7.459194123520019074e-05
6.522122720285485542e-05
7.452758622520008335e-05
1.489540709668965817e-04
7.017101364586646010e-04
3.214878388500634881e-04
6.642762082316130447e-05
5.904355016550650573e-05
1.463822762420506325e-04
6.642762082316003053e-05
7.459194123520286059e-05
1.463822762420556470e-04
6.943272187731689684e-04
1.734479614955964060e-04
1.505142132895202170e-04
1.506158983482354212e-04
6.943272187731673421e-04
3.708830803959856245e-04
7.017101364586674200e-04
1.392055061175145577e-03
6.854712868882423260e-03
3.484887939509643574e-03
3.897003842667437360e-04
3.708830805765238802e-04
1.734479614955902532e-04
3.685427337411980317e-04
7.339233341664362349e-05
1.415032584787691945e-04
3.685427335597410230e-04
3.708830805765217660e-04
6.642762082664617419e-05
6.522122720634215105e-05
1.505142132895184010e-04
1.415032584787680289e-04
1.489540709668933562e-04
2.978150720255336430e-04
1.390194957378880795e-03
3.897003842667449286e-04
7.459757406479021523e-05
6.642762082664308422e-05
1.506158983482339033e-04
7.339233341664492454e-05
7.602043651469726640e-05
1.489540709668893447e-04
7.012919313631676239e-04
1.734479614955891148e-04
1.506158983482329004e-04
1.505142132895219789e-04
6.943272187731753652e-04
3.685427335597529492e-04
7.012919313631731533e-04
1.390194957378892504e-03
6.852372522047119746e-03
1.066518335879909412e-03
2.035325607292736436e-04
1.734479615087019166e-04
3.708830803959798240e-04
1.734479615087011848e-04
1.547478353963806805e-04
3.003301881804114315e-04
1.390194957378888384e-03
2.035325607292783328e-04
1.563079777190116342e-04
1.547478353963781326e-04
7.017101364586677452e-04
3.708830803959880097e-04
7.017101364586685042e-04
1.390194957378885349e-03
6.852197752728483686e-03
5.874271681934301699e-04
3.897003840861942045e-04
3.214878387059538290e-04
1.392055061175141457e-03
3.897003840862040165e-04
7.098812426689742050e-04
1.392055061175145360e-03
6.852372522047122348e-03
1.066518335395042275e-03
1.422139660395723348e-03
1.422139660395723565e-03
6.854712868882430199e-03
3.484887937624790624e-03
6.922925414262677893e-03
1.371229515881622341e-02
6.780014531130833244e-02
6.780014534861762698e-02
1.371229516635186045e-02
6.922925418069091411e-03
3.484887939509713831e-03
6.854712872652393707e-03
1.422139661167653611e-03
1.422139661167646455e-03
1.066518335879912665e-03
6.852372525816157779e-03
1.392055061933966751e-03
7.098812430560348143e-04
3.897003842667288282e-04
1.392055061933956993e-03
3.214878388500354615e-04
3.897003842666581924e-04
5.874271681930606738e-04
6.852197756497526056e-03
1.390194958137722569e-03
7.017101368422684485e-04
3.708830805765217118e-04
7.017101368422698580e-04
1.547478354700513778e-04
1.563079777933490345e-04
2.035325607292700657e-04
1.390194958137729508e-03
3.003301883236030967e-04
1.547478354700537902e-04
1.734479614955704123e-04
3.708830805765159656e-04
1.734479614955723639e-04
2.035325607292591424e-04
1.066518335394867935e-03
6.852372525816149106e-03
1.390194958137725388e-03
7.012919317467568346e-04
3.685427337412019891e-04
6.943272191532768060e-04
1.505142133638617916e-04
1.506158984225800586e-04
1.734479615086912643e-04
7.012919317467548831e-04
1.489540710405452698e-04
7.602043655224606077e-05
7.339233341664949174e-05
1.506158984225765079e-04
6.642762082315863462e-05
7.459757406478705749e-05
3.897003840861669910e-04
1.390194958137727123e-03
2.978150721696438985e-04
1.489540710405461372e-04
1.415032584787613340e-04
1.505142133638627674e-04
6.522122720285580409e-05
6.642762082315755042e-05
3.708830803959600915e-04
3.685427337412035612e-04
1.415032584787624182e-04
7.339233341664440954e-05
3.685427335597377162e-04
1.734479615086958451e-04
3.708830803959621515e-04
3.897003840861910061e-04
3.484887937624592431e-03
6.854712872652392840e-03
1.392055061933983448e-03
7.017101368422681233e-04
3.708830805765264823e-04
6.943272191532745292e-04
1.506158984225757218e-04
1.505142133638608158e-04
1.734479615086908036e-04
6.943272191532809260e-04
1.463822763157118431e-04
7.459194127275151943e-05
6.642762082664907444e-05
1.463822763157135779e-04
5.904355016548198243e-05
6.642762082665152744e-05
3.214878387059286213e-04
7.017101368422667138e-04
1.489540710405468148e-04
7.452758626278721782e-05
6.522122720634278802e-05
7.459194127275508375e-05
2.950125413604745968e-05
2.978212734154328252e-05
1.547478353963794336e-04
1.505142133638626861e-04
5.783830951735590244e-05
2.978212734154873741e-05
1.505142132895064477e-04
6.642762082665557965e-05
1.506158983482337136e-04
1.563079777190059150e-04
1.422139660395722264e-03
1.392055061933978460e-03
3.003301883236084635e-04
1.489540710405472756e-04
1.415032584787566177e-04
1.463822763157133339e-04
5.783830951735369338e-05
5.783830951735328680e-05
3.003301881804034085e-04
1.506158984225750713e-04
5.783830951735731868e-05
2.950125413603631272e-05
1.489540709668999157e-04
5.904355016548377814e-05
1.463822762420479220e-04
1.506158983482305423e-04
1.392055061175146227e-03
3.708830805765206276e-04
1.415032584787581085e-04
6.522122720634200197e-05
2.978150720255332094e-04
6.642762082665097179e-05
1.489540709668985875e-04
1.505142132895115163e-04
1.390194957378896841e-03
1.734479615086964143e-04
3.003301881804078537e-04
1.547478353963788915e-04
1.390194957378894673e-03
3.214878387059495464e-04
1.392055061175144926e-03
1.422139660395730070e-03
1.371229515881616789e-02
6.922925418069078400e-03
1.422139661167662068e-03
7.098812430560429458e-04
3.897003842667483438e-04
7.017101368422671475e-04
1.563079777933475709e-04
1.547478354700477729e-04
2.035325607292694152e-04
7.012919317467545578e-04
1.506158984225754237e-04
7.602043655224902878e-05
7.459757406479170601e-05
1.489540710405429659e-04
6.642762082315727937e-05
7.339233341664031668e-05
3.897003840861692678e-04
7.017101368422681233e-04
1.505142133638623608e-04
7.459194127275299666e-05
6.642762082664729905e-05
7.452758626278208141e-05
2.978212734154320120e-05
2.978212734154725341e-05
1.563079777190051289e-04
1.489540710405491187e-04
5.783830951735605152e-05
2.950125413601274488e-05
1.506158983482327107e-04
6.522122720634110750e-05
1.505142132895125463e-04
1.547478353963776989e-04
1.422139660395720095e-03
7.098812430560406690e-04
1.547478354700475018e-04
7.602043655224809365e-05
7.339233341664655084e-05
7.459194127275467717e-05
2.978212734153700770e-05
2.950125413601694616e-05
1.547478353963781055e-04
7.602043655224558643e-05
2.950125413601678353e-05
1.490290779978514119e-05
7.602043651470164387e-05
2.950125413601914506e-05
7.459194123519355000e-05
7.602043651470089848e-05
7.098812426689740966e-04
1.547478354700491010e-04
6.522122720285389319e-05
2.950125413602650408e-05
1.489540709668994007e-04
2.978212734154059912e-05
7.452758622517179922e-05
7.459194123519399724e-05
7.017101364586610232e-04
7.339233341664263416e-05
1.489540709668992922e-04
7.602043651470022085e-05
7.012919313631755386e-04
1.547478353963789729e-04
7.017101364586621074e-04
7.098812426689774576e-04
6.922925414262664882e-03
1.422139661167663369e-03
3.214878388500677707e-04
1.547478354700492637e-04
1.734479614955773241e-04
1.505142133638626319e-04
6.642762082316148065e-05
6.522122720285042374e-05
3.708830803959701204e-04
1.506158984225765621e-04
5.904355016549060861e-05
2.950125413602426792e-05
1.506158983482334696e-04
5.783830951735695954e-05
1.463822762420472444e-04
1.489540709669014877e-04
1.392055061175141674e-03
1.563079777933532358e-04
6.642762082315969172e-05
2.978212734154768709e-05
1.505142132895052822e-04
2.978212734154322492e-05
7.459194123519360421e-05
7.452758622516812649e-05
7.017101364586610232e-04
6.642762082315923093e-05
1.463822762420499820e-04
7.459194123518896925e-05
6.943272187731536812e-04
1.505142132895137660e-04
6.943272187731507538e-04
7.017101364586590716e-04
6.854712868882427597e-03
3.897003842667443865e-04
1.734479614955891419e-04
7.339233341664552085e-05
3.685427335597421614e-04
6.642762082665254388e-05
1.505142132895087245e-04
1.489540709668974220e-04
1.390194957378893155e-03
7.459757406479056760e-05
1.506158983482349062e-04
7.602043651470122374e-05
7.012919313631802007e-04
1.506158983482299731e-04
6.943272187731567169e-04
7.012919313631741291e-04
6.852372522047121481e-03
2.035325607292809620e-04
3.708830803959644283e-04
1.547478353963803010e-04
1.390194957378888168e-03
1.563079777190087068e-04
7.017101364586626495e-04
7.017101364586664442e-04
6.852197752728481084e-03
3.897003840861979450e-04
1.392055061175149263e-03
7.098812426689769155e-04
6.852372522047117144e-03
1.422139660395733756e-03
6.854712868882435403e-03
6.922925414262687434e-03
6.780014531130838795e-02
1.371229516635185698e-02
3.484887939509640105e-03
1.422139661167667705e-03
1.066518335879919170e-03
1.392055061933980846e-03
3.897003842667352250e-04
3.214878388500497187e-04
5.874271681933788871e-04
1.390194958137725171e-03
3.708830805765151524e-04
1.547478354700445474e-04
2.035325607292695507e-04
3.003301883235993562e-04
1.734479614955790859e-04
1.734479614955719844e-04
1.066518335394906099e-03
1.390194958137723653e-03
3.685427337411971102e-04
1.505142133638656947e-04
1.734479615086965769e-04
1.489540710405478448e-04
7.339233341664771636e-05
6.642762082316341866e-05
3.897003840861855851e-04
2.978150721696414048e-04
1.415032584787666466e-04
6.522122720285442174e-05
3.708830803959649162e-04
1.415032584787613069e-04
3.685427335597287715e-04
3.708830803959578689e-04
3.484887937624490083e-03
1.392055061933974340e-03
3.708830805765184050e-04
1.506158984225793810e-04
1.734479615086964685e-04
1.463822763157221431e-04
6.642762082664731261e-05
5.904355016550447285e-05
3.214878387059467275e-04
1.489540710405473840e-04
6.522122720634057895e-05
2.950125413605316190e-05
1.547478353963785392e-04
5.783830951735594988e-05
1.505142132895126547e-04
1.506158983482349875e-04
1.422139660395722698e-03
3.003301883236064577e-04
1.415032584787695197e-04
5.783830951735486567e-05
3.003301881804106184e-04
5.783830951735434390e-05
1.489540709668950638e-04
1.463822762420549694e-04
1.392055061175141240e-03
1.415032584787668363e-04
2.978150720255411782e-04
1.489540709668851163e-04
1.390194957378895974e-03
3.003301881804073116e-04
1.390194957378892071e-03
1.392055061175138638e-03
1.371229515881609330e-02
1.422139661167666188e-03
3.897003842667409713e-04
1.563079777933542929e-04
2.035325607292761373e-04
1.506158984225797334e-04
7.459757406479245140e-05
6.642762082315676437e-05
3.897003840861885666e-04
1.505142133638617374e-04
6.642762082664564565e-05
2.978212734156110748e-05
1.563079777190082189e-04
5.783830951735313773e-05
1.506158983482397038e-04
1.505142132895182384e-04
1.422139660395723565e-03
1.547478354700467158e-04
7.339233341664363705e-05
2.978212734156094823e-05
1.547478353963807347e-04
2.950125413604248251e-05
7.602043651470279583e-05
7.459194123520311809e-05
7.098812426689738797e-04
6.522122720285771500e-05
1.489540709668908084e-04
7.452758622516368126e-05
7.017101364586583127e-04
1.489540709668879352e-04
7.012919313631654555e-04
7.017101364586547348e-04
6.922925414262657076e-03
3.214878388500558987e-04
1.734479614955915000e-04
6.642762082315679148e-05
3.708830803959718551e-04
5.904355016550209438e-05
1.506158983482420890e-04
1.463822762420549151e-04
1.392055061175140589e-03
6.642762082315975948e-05
1.505142132895207320e-04
7.459194123519954022e-05
7.017101364586570116e-04
1.463822762420523131e-04
6.943272187731717874e-04
6.943272187731666916e-04
6.854712868882438873e-03
1.734479614955919879e-04
3.685427335597402099e-04
1.505142132895215452e-04
1.390194957378898142e-03
1.506158983482368036e-04
7.012919313631624197e-04
6.943272187731617043e-04
6.852372522047109338e-03
3.708830803959675725e-04
1.390194957378894673e-03
7.017101364586587463e-04
6.852197752728462002e-03
1.392055061175145360e-03
6.852372522047103266e-03
6.854712868882433668e-03
6.780014531130823530e-02
3.484887939509692580e-03
1.066518335879896185e-03
3.897003842667413507e-04
5.874271681933672861e-04
3.708830805765172666e-04
2.035325607292719360e-04
1.734479614955773241e-04
1.066518335394950768e-03
3.685427337412002001e-04
1.734479615086897465e-04
7.339233341664305429e-05
3.897003840861869403e-04
1.415032584787685982e-04
3.708830803959719093e-04
3.685427335597395593e-04
3.484887937624584191e-03
3.708830805765213324e-04
1.734479615086918607e-04
6.642762082664732616e-05
3.214878387059473780e-04
6.522122720634139211e-05
1.547478353963779158e-04
1.505142132895163139e-04
1.422139660395718578e-03
1.415032584787718779e-04
3.003301881804112689e-04
1.489540709668899410e-04
1.392055061175146010e-03
2.978150720255430756e-04
1.390194957378889902e-03
1.390194957378889035e-03
1.371229515881611065e-02
3.897003842667417844e-04
2.035325607292699573e-04
7.459757406478909037e-05
3.897003840861900303e-04
6.642762082664945391e-05
1.563079777190105771e-04
1.506158983482384299e-04
1.422139660395728986e-03
7.339233341664243087e-05
1.547478353963772923e-04
7.602043651470481516e-05
7.098812426689686756e-04
1.489540709668931394e-04
7.017101364586587463e-04
7.012919313631663229e-04
6.922925414262673556e-03
1.734479614955861874e-04
3.708830803959777098e-04
1.506158983482391075e-04
1.392055061175147528e-03
1.505142132895136847e-04
7.017101364586627579e-04
6.943272187731844725e-04
6.854712868882436271e-03
3.685427335597418904e-04
1.390194957378895757e-03
7.012919313631637208e-04
6.852372522047105001e-03
1.390194957378894239e-03
6.852197752728463737e-03
6.852372522047105868e-03
6.780014531130826305e-02
1.066518335879927193e-03
5.874271681933859344e-04
2.035325607292766794e-04
1.066518335394952936e-03
1.734479615086921859e-04
3.897003840861889461e-04
3.708830803959707167e-04
3.484887937624603707e-03
1.734479615086955469e-04
3.214878387059476490e-04
1.547478353963781868e-04
1.422139660395720746e-03
3.003301881804063900e-04
1.392055061175145577e-03
1.390194957378893155e-03
1.371229515881614361e-02
2.035325607292768962e-04
3.897003840861866693e-04
1.563079777190061318e-04
1.422139660395721397e-03
1.547478353963770213e-04
7.098812426689667240e-04
7.017101364586605895e-04
6.922925414262665750e-03
3.708830803959784687e-04
1.392055061175146661e-03
7.017101364586569032e-04
6.854712868882418923e-03
1.390194957378901395e-03
6.852372522047106736e-03
6.852197752728466339e-03
6.780014531130826305e-02
5.874271681933800797e-04
1.066518335394954237e-03
3.897003840861918192e-04
3.484887937624628861e-03
3.214878387059493295e-04
1.422139660395730937e-03
1.392055061175145360e-03
1.371229515881612973e-02
3.897003840861896508e-04
1.422139660395723348e-03
7.098812426689738797e-04
6.922925414262663148e-03
1.392055061175144926e-03
6.854712868882437138e-03
6.852372522047110205e-03
6.780014531130827693e-02
1.066518335395037287e-03
3.484887937624602840e-03
1.422139660395734841e-03
1.371229515881615055e-02
1.422139660395735274e-03
6.922925414262661413e-03
6.854712868882441475e-03
6.780014531130829081e-02
3.484887937624600671e-03
1.371229515881614534e-02
6.922925414262670087e-03
6.780014531130826305e-02
1.371229515881619218e-02
6.780014531130830469e-02
6.780014531130824917e-02
6.709748114152274123e-01
