1.303483773226997433e-01
6.820727139412996465e-02
6.820727139413046425e-02
6.086136885811105346e-02
6.820727139413207407e-02
3.814444331954680578e-02
6.086136885811255226e-02
5.899577210146811357e-02
6.820727139413101936e-02
3.626327943654777952e-02
3.814444331954675027e-02
3.486697505046315593e-02
6.086136885811200409e-02
3.486697505046328083e-02
5.899577210146854378e-02
5.841355448408740852e-02
6.820727139413074180e-02
3.588869465204463927e-02
3.626327943654793218e-02
3.261794589150707885e-02
3.814444331954686823e-02
2.152077593730317498e-02
3.486697505046334328e-02
3.408980794911526530e-02
6.086136885811175429e-02
3.261794589150715518e-02
3.486697505046326001e-02
3.220864406611655822e-02
5.899577210146850215e-02
3.408980794911530693e-02
5.841355448408749179e-02
5.827442316787929261e-02
6.820727139413075568e-02
3.581530448508285502e-02
3.588869465204472947e-02
3.217013164633764771e-02
3.626327943654814034e-02
2.037361617994370294e-02
3.261794589150730089e-02
3.176967002659175643e-02
3.814444331954669476e-02
2.037361617994365437e-02
2.152077593730317151e-02
1.978609693777772308e-02
3.486697505046331552e-02
2.007919235846166578e-02
3.408980794911533468e-02
3.392291684017720299e-02
6.086136885811172653e-02
3.217013164633772404e-02
3.261794589150719681e-02
2.951392135908983971e-02
3.486697505046331552e-02
1.978609693777774736e-02
3.220864406611662761e-02
3.167388768122111897e-02
5.899577210146841194e-02
3.176967002659177031e-02
3.408980794911528611e-02
3.167388768122111897e-02
5.841355448408749179e-02
3.392291684017720299e-02
5.827442316787931342e-02
5.841355448408733220e-02
6.820727139413075568e-02
3.588869465204460457e-02
3.581530448508293135e-02
3.217013164633763384e-02
3.588869465204490294e-02
2.019587564213969760e-02
3.217013164633785588e-02
3.139508524208854678e-02
3.626327943654795993e-02
1.939651555614359604e-02
2.037361617994370641e-02
1.875585606933647884e-02
3.261794589150728702e-02
1.881017871652770554e-02
3.176967002659184663e-02
3.167388768122111897e-02
3.814444331954668782e-02
2.019587564213964903e-02
2.037361617994369600e-02
1.846276064865257430e-02
2.152077593730321661e-02
1.222757034488045590e-02
1.978609693777777859e-02
1.949035055092800464e-02
3.486697505046327389e-02
1.881017871652768472e-02
2.007919235846165884e-02
1.869099046493194471e-02
3.408980794911533468e-02
1.983763360614915205e-02
3.392291684017722381e-02
3.408980794911520978e-02
6.086136885811171265e-02
3.217013164633771710e-02
3.217013164633775874e-02
2.906594640762482501e-02
3.261794589150726620e-02
1.846276064865259858e-02
2.951392135908990216e-02
2.897704427709564198e-02
3.486697505046326695e-02
1.875585606933648578e-02
1.978609693777775083e-02
1.834319079356852566e-02
3.220864406611660680e-02
1.869099046493195512e-02
3.167388768122116061e-02
3.176967002659170786e-02
5.899577210146839806e-02
3.139508524208854678e-02
3.176967002659180500e-02
2.897704427709564198e-02
3.408980794911531387e-02
1.949035055092800464e-02
3.167388768122115367e-02
3.139508524208849127e-02
5.841355448408742934e-02
3.167388768122111203e-02
3.392291684017720299e-02
3.176967002659172173e-02
5.827442316787934118e-02
3.408980794911520285e-02
5.841355448408737383e-02
5.899577210146831480e-02
6.820727139413075568e-02
3.626327943654784891e-02
3.588869465204466702e-02
3.261794589150709273e-02
3.581530448508315340e-02
2.037361617994370294e-02
3.217013164633786282e-02
3.176967002659177031e-02
3.588869465204474335e-02
1.939651555614359951e-02
2.019587564213969066e-02
1.881017871652767084e-02
3.217013164633783506e-02
1.875585606933651006e-02
3.139508524208863005e-02
3.167388768122112591e-02
3.626327943654796687e-02
1.939651555614359951e-02
1.939651555614363421e-02
1.777993784808644048e-02
2.037361617994374458e-02
1.169886733558734952e-02
1.875585606933652741e-02
1.869099046493193431e-02
3.261794589150723150e-02
1.777993784808645089e-02
1.881017871652770554e-02
1.771337322498959740e-02
3.176967002659181888e-02
1.869099046493195165e-02
3.167388768122114673e-02
3.220864406611651659e-02
3.814444331954668782e-02
2.037361617994366478e-02
2.019587564213968719e-02
1.846276064865256736e-02
2.037361617994373764e-02
1.165746480817871251e-02
1.846276064865261940e-02
1.834319079356852566e-02
2.152077593730317498e-02
1.169886733558733738e-02
1.222757034488045243e-02
1.146974737469192047e-02
1.978609693777776818e-02
1.161024207426472436e-02
1.949035055092802199e-02
1.978609693777770920e-02
3.486697505046326001e-02
1.875585606933648924e-02
1.881017871652769860e-02
1.736609016976846040e-02
2.007919235846167966e-02
1.161024207426472957e-02
1.869099046493195512e-02
1.875585606933648578e-02
3.408980794911530693e-02
1.869099046493193431e-02
1.983763360614915205e-02
1.881017871652767084e-02
3.392291684017720993e-02
2.007919235846163455e-02
3.408980794911523060e-02
3.486697505046322532e-02
6.086136885811171265e-02
3.261794589150716905e-02
3.217013164633775874e-02
2.951392135908983971e-02
3.217013164633780037e-02
1.846276064865260205e-02
2.906594640762490134e-02
2.897704427709564545e-02
3.261794589150723150e-02
1.777993784808645436e-02
1.846276064865260205e-02
1.736609016976846040e-02
2.951392135908990563e-02
1.736609016976846734e-02
2.897704427709567668e-02
2.951392135908980155e-02
3.486697505046325307e-02
1.881017871652768819e-02
1.875585606933650312e-02
1.736609016976846040e-02
1.978609693777776818e-02
1.146974737469192741e-02
1.834319079356854648e-02
1.846276064865256736e-02
3.220864406611658598e-02
1.771337322498959740e-02
1.869099046493195512e-02
1.777993784808643007e-02
3.167388768122116754e-02
1.881017871652768125e-02
3.176967002659171480e-02
3.261794589150715518e-02
5.899577210146839806e-02
3.176967002659177725e-02
3.139508524208857454e-02
2.897704427709563504e-02
3.176967002659181194e-02
1.834319079356852913e-02
2.897704427709566627e-02
2.906594640762484236e-02
3.408980794911529999e-02
1.869099046493192737e-02
1.949035055092800811e-02
1.846276064865255695e-02
3.167388768122116754e-02
1.875585606933648924e-02
3.139508524208851209e-02
3.217013164633773098e-02
5.841355448408740852e-02
3.167388768122111203e-02
3.167388768122113285e-02
2.951392135908979461e-02
3.392291684017722381e-02
1.978609693777770573e-02
3.176967002659170092e-02
3.217013164633772404e-02
5.827442316787930648e-02
3.220864406611651659e-02
3.408980794911520978e-02
3.261794589150714824e-02
5.841355448408735995e-02
3.486697505046323226e-02
5.899577210146830786e-02
6.086136885811160857e-02
6.820727139413074180e-02
3.814444331954656986e-02
3.626327943654789748e-02
3.486697505046311429e-02
3.588869465204490294e-02
2.152077593730317845e-02
3.261794589150731477e-02
3.408980794911524448e-02
3.581530448508298686e-02
2.037361617994365784e-02
2.037361617994369600e-02
2.007919235846161721e-02
3.217013164633783506e-02
1.978609693777774736e-02
3.176967002659183276e-02
3.392291684017718911e-02
3.588869465204471559e-02
2.019587564213964209e-02
1.939651555614362380e-02
1.881017871652766391e-02
2.019587564213971842e-02
1.222757034488045069e-02
1.881017871652772289e-02
1.983763360614913818e-02
3.217013164633776567e-02
1.846276064865258124e-02
1.875585606933651353e-02
1.869099046493193778e-02
3.139508524208860923e-02
1.949035055092800464e-02
3.167388768122114673e-02
3.408980794911521672e-02
3.626327943654795993e-02
2.037361617994366478e-02
1.939651555614362727e-02
1.875585606933646496e-02
1.939651555614366890e-02
1.169886733558734085e-02
1.777993784808648559e-02
1.869099046493193431e-02
2.037361617994369947e-02
1.165746480817869690e-02
1.169886733558734432e-02
1.161024207426471569e-02
1.875585606933653435e-02
1.161024207426472610e-02
1.869099046493195859e-02
2.007919235846163802e-02
3.261794589150721763e-02
1.846276064865257777e-02
1.777993784808646477e-02
1.736609016976844999e-02
1.881017871652770901e-02
1.146974737469192568e-02
1.771337322498961475e-02
1.881017871652768125e-02
3.176967002659180500e-02
1.834319079356852566e-02
1.869099046493194125e-02
1.875585606933647884e-02
3.167388768122113979e-02
1.978609693777771267e-02
3.220864406611653047e-02
3.486697505046322532e-02
3.814444331954668088e-02
2.152077593730313682e-02
2.037361617994369253e-02
1.978609693777771614e-02
2.019587564213971495e-02
1.222757034488044202e-02
1.846276064865262287e-02
1.949035055092799770e-02
2.037361617994369600e-02
1.169886733558732524e-02
1.165746480817871425e-02
1.161024207426471742e-02
1.846276064865262287e-02
1.146974737469192221e-02
1.834319079356854995e-02
1.978609693777771267e-02
2.152077593730316804e-02
1.222757034488043508e-02
1.169886733558734952e-02
1.146974737469191527e-02
1.222757034488046457e-02
7.481472576552514360e-03
1.146974737469193609e-02
1.222757034488045243e-02
1.978609693777775777e-02
1.146974737469191527e-02
1.161024207426472783e-02
1.169886733558734952e-02
1.949035055092801852e-02
1.222757034488045069e-02
1.978609693777771961e-02
2.152077593730315069e-02
3.486697505046323919e-02
1.978609693777772308e-02
1.875585606933650312e-02
1.834319079356851873e-02
1.881017871652770207e-02
1.146974737469192394e-02
1.736609016976847081e-02
1.846276064865256736e-02
2.007919235846165537e-02
1.161024207426472089e-02
1.161024207426472957e-02
1.165746480817871945e-02
1.869099046493196206e-02
1.169886733558735126e-02
1.875585606933649965e-02
2.037361617994368559e-02
3.408980794911528611e-02
1.949035055092799770e-02
1.869099046493193431e-02
1.846276064865256042e-02
1.983763360614915205e-02
1.222757034488045763e-02
1.881017871652767778e-02
2.019587564213967679e-02
3.392291684017720993e-02
1.978609693777771267e-02
2.007919235846163108e-02
2.037361617994368213e-02
3.408980794911520978e-02
2.152077593730315069e-02
3.486697505046323226e-02
3.814444331954658374e-02
6.086136885811171959e-02
3.486697505046321838e-02
3.261794589150720375e-02
3.220864406611650965e-02
3.217013164633780731e-02
1.978609693777774389e-02
2.951392135908989175e-02
3.167388768122112591e-02
3.217013164633777261e-02
1.875585606933647884e-02
1.846276064865260205e-02
1.869099046493194471e-02
2.906594640762489787e-02
1.834319079356853607e-02
2.897704427709567321e-02
3.176967002659171480e-02
3.261794589150721069e-02
1.881017871652767431e-02
1.777993784808645783e-02
1.771337322498959047e-02
1.846276064865261593e-02
1.146974737469192221e-02
1.736609016976847428e-02
1.881017871652768125e-02
2.951392135908988482e-02
1.736609016976846040e-02
1.736609016976846734e-02
1.777993784808642314e-02
2.897704427709566627e-02
1.846276064865256736e-02
2.951392135908982930e-02
3.261794589150715518e-02
3.486697505046324613e-02
2.007919235846163455e-02
1.881017871652769860e-02
1.869099046493194125e-02
1.875585606933651700e-02
1.161024207426472263e-02
1.736609016976846734e-02
1.875585606933648578e-02
1.978609693777775083e-02
1.161024207426472089e-02
1.146974737469192741e-02
1.169886733558735126e-02
1.834319079356854995e-02
1.165746480817872292e-02
1.846276064865257083e-02
2.037361617994368906e-02
3.220864406611657210e-02
1.869099046493193778e-02
1.771337322498960781e-02
1.777993784808642660e-02
1.869099046493195165e-02
1.169886733558734952e-02
1.777993784808643354e-02
1.939651555614362033e-02
3.167388768122115367e-02
1.875585606933648578e-02
1.881017871652768472e-02
1.939651555614361686e-02
3.176967002659170786e-02
2.037361617994368213e-02
3.261794589150715518e-02
3.626327943654791830e-02
5.899577210146837725e-02
3.408980794911525836e-02
3.176967002659178418e-02
3.167388768122112591e-02
3.139508524208858842e-02
1.949035055092800117e-02
2.897704427709565586e-02
3.139508524208850515e-02
3.176967002659179806e-02
1.869099046493192737e-02
1.834319079356853260e-02
1.875585606933647884e-02
2.897704427709566627e-02
1.846276064865256736e-02
2.906594640762484930e-02
3.217013164633774486e-02
3.408980794911527917e-02
1.983763360614914165e-02
1.869099046493193431e-02
1.881017871652767778e-02
1.949035055092801158e-02
1.222757034488045763e-02
1.846276064865257083e-02
2.019587564213968026e-02
3.167388768122115367e-02
1.881017871652767778e-02
1.875585606933648578e-02
1.939651555614361686e-02
3.139508524208849821e-02
2.019587564213967332e-02
3.217013164633773098e-02
3.588869465204468090e-02
5.841355448408740159e-02
3.392291684017718217e-02
3.167388768122111203e-02
3.176967002659171480e-02
3.167388768122111897e-02
1.978609693777770920e-02
2.951392135908981543e-02
3.217013164633773098e-02
3.392291684017719605e-02
2.007919235846163455e-02
1.978609693777770920e-02
2.037361617994367866e-02
3.176967002659171480e-02
2.037361617994368213e-02
3.217013164633773792e-02
3.581530448508290360e-02
5.827442316787929955e-02
3.408980794911519591e-02
3.220864406611650965e-02
3.261794589150714824e-02
3.408980794911520285e-02
2.152077593730314722e-02
3.261794589150715518e-02
3.588869465204468090e-02
5.841355448408735995e-02
3.486697505046321838e-02
3.486697505046322532e-02
3.626327943654789748e-02
5.899577210146830786e-02
3.814444331954658374e-02
6.086136885811160163e-02
6.820727139413051976e-02
6.820727139413071405e-02
6.086136885811153224e-02
3.814444331954663231e-02
5.899577210146822459e-02
3.626327943654812647e-02
3.486697505046323226e-02
3.486697505046332940e-02
5.841355448408732526e-02
3.588869465204472253e-02
3.261794589150716212e-02
2.152077593730315763e-02
3.408980794911523060e-02
3.261794589150729395e-02
3.220864406611657210e-02
3.408980794911533468e-02
5.827442316787928567e-02
3.581530448508296605e-02
3.217013164633770322e-02
2.037361617994369600e-02
3.176967002659174949e-02
2.037361617994373417e-02
1.978609693777773695e-02
2.007919235846167272e-02
3.392291684017718217e-02
3.217013164633776567e-02
2.951392135908984318e-02
1.978609693777774736e-02
3.167388768122111897e-02
3.176967002659182582e-02
3.167388768122113979e-02
3.392291684017722381e-02
5.841355448408732526e-02
3.588869465204470866e-02
3.217013164633769629e-02
2.019587564213968026e-02
3.139508524208851903e-02
1.939651555614367931e-02
1.875585606933649271e-02
1.881017871652771942e-02
3.167388768122111203e-02
2.019587564213969066e-02
1.846276064865257430e-02
1.222757034488045069e-02
1.949035055092799076e-02
1.881017871652772289e-02
1.869099046493194471e-02
1.983763360614915552e-02
3.408980794911520285e-02
3.217013164633775874e-02
2.906594640762484236e-02
1.846276064865259511e-02
2.897704427709563157e-02
1.875585606933651353e-02
1.834319079356852913e-02
1.869099046493195859e-02
3.176967002659171480e-02
3.139508524208858148e-02
2.897704427709564198e-02
1.949035055092800811e-02
3.139508524208849127e-02
3.167388768122114673e-02
3.176967002659170786e-02
3.408980794911522366e-02
5.899577210146829398e-02
3.626327943654795299e-02
3.261794589150714130e-02
2.037361617994369253e-02
3.176967002659174255e-02
1.939651555614367931e-02
1.881017871652769166e-02
1.875585606933652047e-02
3.167388768122111203e-02
1.939651555614363768e-02
1.777993784808644742e-02
1.169886733558734952e-02
1.869099046493192043e-02
1.777993784808648559e-02
1.771337322498960087e-02
1.869099046493195165e-02
3.220864406611651659e-02
2.037361617994369947e-02
1.846276064865257777e-02
1.165746480817871598e-02
1.834319079356852220e-02
1.169886733558736167e-02
1.146974737469192221e-02
1.161024207426473824e-02
1.978609693777770573e-02
1.875585606933651353e-02
1.736609016976845346e-02
1.161024207426473651e-02
1.875585606933648231e-02
1.869099046493194818e-02
1.881017871652768819e-02
2.007919235846163802e-02
3.486697505046321838e-02
3.261794589150721069e-02
2.951392135908983971e-02
1.846276064865259164e-02
2.897704427709563157e-02
1.777993784808647518e-02
1.736609016976846734e-02
1.736609016976847081e-02
2.951392135908980155e-02
1.881017871652769166e-02
1.736609016976845346e-02
1.146974737469193262e-02
1.846276064865255348e-02
1.771337322498961475e-02
1.777993784808643701e-02
1.881017871652767778e-02
3.261794589150713436e-02
3.176967002659179806e-02
2.897704427709563851e-02
1.834319079356853260e-02
2.906594640762482501e-02
1.869099046493194471e-02
1.846276064865257777e-02
1.875585606933648924e-02
3.217013164633773792e-02
3.167388768122113979e-02
2.951392135908979808e-02
1.978609693777771267e-02
3.217013164633772404e-02
3.220864406611651659e-02
3.261794589150714824e-02
3.486697505046322532e-02
6.086136885811159469e-02
3.814444331954666700e-02
3.486697505046318368e-02
2.152077593730315763e-02
3.408980794911524448e-02
2.037361617994373070e-02
2.007919235846164843e-02
1.978609693777776818e-02
3.392291684017718911e-02
2.019587564213969066e-02
1.881017871652768125e-02
1.222757034488045069e-02
1.983763360614913471e-02
1.846276064865261940e-02
1.869099046493194818e-02
1.949035055092802199e-02
3.408980794911520978e-02
2.037361617994369947e-02
1.875585606933648231e-02
1.169886733558734605e-02
1.869099046493192737e-02
1.165746480817872639e-02
1.161024207426472957e-02
1.161024207426473824e-02
2.007919235846162762e-02
1.846276064865260552e-02
1.736609016976845693e-02
1.146974737469192741e-02
1.881017871652767778e-02
1.834319079356854301e-02
1.875585606933648924e-02
1.978609693777771614e-02
3.486697505046321838e-02
2.152077593730316110e-02
1.978609693777771961e-02
1.222757034488045069e-02
1.949035055092798729e-02
1.169886733558735646e-02
1.161024207426472957e-02
1.146974737469193262e-02
1.978609693777770226e-02
1.222757034488045416e-02
1.146974737469192047e-02
7.481472576552505686e-03
1.222757034488045416e-02
1.146974737469193956e-02
1.169886733558735126e-02
1.222757034488045763e-02
2.152077593730315416e-02
1.978609693777774042e-02
1.834319079356852566e-02
1.146974737469192568e-02
1.846276064865255695e-02
1.161024207426473477e-02
1.165746480817871945e-02
1.169886733558735473e-02
2.037361617994367866e-02
1.949035055092801505e-02
1.846276064865256389e-02
1.222757034488045416e-02
2.019587564213967679e-02
1.978609693777771267e-02
2.037361617994367866e-02
2.152077593730314722e-02
3.814444331954659068e-02
3.486697505046324613e-02
3.220864406611654435e-02
1.978609693777774042e-02
3.167388768122111897e-02
1.875585606933651006e-02
1.869099046493194471e-02
1.834319079356854648e-02
3.176967002659171480e-02
1.881017871652769166e-02
1.771337322498959047e-02
1.146974737469192741e-02
1.881017871652767084e-02
1.736609016976847081e-02
1.777993784808643701e-02
1.846276064865257083e-02
3.261794589150714824e-02
2.007919235846165190e-02
1.869099046493193431e-02
1.161024207426473304e-02
1.875585606933647884e-02
1.161024207426474344e-02
1.169886733558735299e-02
1.165746480817872639e-02
2.037361617994367866e-02
1.869099046493195859e-02
1.777993784808643354e-02
1.169886733558735646e-02
1.939651555614362033e-02
1.875585606933649618e-02
1.939651555614362380e-02
2.037361617994367866e-02
3.626327943654790442e-02
3.408980794911528611e-02
3.167388768122112591e-02
1.949035055092800464e-02
3.139508524208849127e-02
1.869099046493193431e-02
1.875585606933648578e-02
1.846276064865257083e-02
3.217013164633773098e-02
1.983763360614914512e-02
1.881017871652767431e-02
1.222757034488045416e-02
2.019587564213968373e-02
1.881017871652768125e-02
1.939651555614361686e-02
2.019587564213968373e-02
3.588869465204468090e-02
3.392291684017718911e-02
3.176967002659171480e-02
1.978609693777771267e-02
3.217013164633772404e-02
2.007919235846163455e-02
2.037361617994367866e-02
2.037361617994368213e-02
3.581530448508291747e-02
3.408980794911520978e-02
3.261794589150715518e-02
2.152077593730314722e-02
3.588869465204468090e-02
3.486697505046322532e-02
3.626327943654790442e-02
3.814444331954658374e-02
6.820727139413050588e-02
6.086136885811168490e-02
5.899577210146831480e-02
3.486697505046322532e-02
5.841355448408735301e-02
3.261794589150725232e-02
3.408980794911528611e-02
3.220864406611657904e-02
5.827442316787928567e-02
3.217013164633775180e-02
3.176967002659178418e-02
1.978609693777774389e-02
3.392291684017716136e-02
2.951392135908989175e-02
3.167388768122114673e-02
3.167388768122114673e-02
5.841355448408733220e-02
3.217013164633774486e-02
3.139508524208854678e-02
1.875585606933649271e-02
3.167388768122109816e-02
1.846276064865260552e-02
1.949035055092799423e-02
1.869099046493195512e-02
3.408980794911519591e-02
2.906594640762487358e-02
2.897704427709564545e-02
1.834319079356852566e-02
3.176967002659170786e-02
2.897704427709566280e-02
3.139508524208849127e-02
3.176967002659172173e-02
5.899577210146828010e-02
3.261794589150719681e-02
3.176967002659178418e-02
1.881017871652769513e-02
3.167388768122109816e-02
1.777993784808647518e-02
1.869099046493193084e-02
1.771337322498961128e-02
3.220864406611650965e-02
1.846276064865259164e-02
1.834319079356852220e-02
1.146974737469191701e-02
1.978609693777769532e-02
1.736609016976847081e-02
1.875585606933647884e-02
1.881017871652768819e-02
3.486697505046321144e-02
2.951392135908986747e-02
2.897704427709564198e-02
1.736609016976846734e-02
2.951392135908978073e-02
1.736609016976846734e-02
1.846276064865256042e-02
1.777993784808643354e-02
3.261794589150714824e-02
2.897704427709565933e-02
2.906594640762482501e-02
1.846276064865256042e-02
3.217013164633771710e-02
2.951392135908980849e-02
3.217013164633773098e-02
3.261794589150714824e-02
6.086136885811159469e-02
3.486697505046323919e-02
3.408980794911526530e-02
2.007919235846165190e-02
3.392291684017716136e-02
1.881017871652770207e-02
1.983763360614914512e-02
1.869099046493195165e-02
3.408980794911519591e-02
1.875585606933649271e-02
1.869099046493192390e-02
1.161024207426471916e-02
2.007919235846162068e-02
1.736609016976846734e-02
1.881017871652768125e-02
1.875585606933648924e-02
3.486697505046321144e-02
1.978609693777773695e-02
1.949035055092798729e-02
1.161024207426471742e-02
1.978609693777769532e-02
1.146974737469192741e-02
1.222757034488045069e-02
1.169886733558735299e-02
2.152077593730314722e-02
1.834319079356852913e-02
1.846276064865255695e-02
1.165746480817872466e-02
2.037361617994367866e-02
1.846276064865257083e-02
2.019587564213968026e-02
2.037361617994368559e-02
3.814444331954659068e-02
3.220864406611656516e-02
3.167388768122113285e-02
1.869099046493194818e-02
3.176967002659169398e-02
1.771337322498960781e-02
1.881017871652767431e-02
1.777993784808643354e-02
3.261794589150714824e-02
1.869099046493195165e-02
1.875585606933647884e-02
1.169886733558735299e-02
2.037361617994367866e-02
1.777993784808643354e-02
1.939651555614362033e-02
1.939651555614362033e-02
3.626327943654790442e-02
3.167388768122113979e-02
3.139508524208847740e-02
1.875585606933647884e-02
3.217013164633772404e-02
1.881017871652767431e-02
2.019587564213967679e-02
1.939651555614361339e-02
3.588869465204468090e-02
3.176967002659170786e-02
3.217013164633772404e-02
2.037361617994367866e-02
3.581530448508290360e-02
3.261794589150715518e-02
3.588869465204468090e-02
3.626327943654790442e-02
6.820727139413049200e-02
5.899577210146837031e-02
5.841355448408738771e-02
3.408980794911527917e-02
5.827442316787928567e-02
3.176967002659181888e-02
3.392291684017718911e-02
3.167388768122113979e-02
5.841355448408732526e-02
3.139508524208857454e-02
3.167388768122110509e-02
1.949035055092800117e-02
3.408980794911517509e-02
2.897704427709566280e-02
3.176967002659170786e-02
3.139508524208849821e-02
5.899577210146829398e-02
3.176967002659180500e-02
3.167388768122110509e-02
1.869099046493192737e-02
3.220864406611650965e-02
1.834319079356853607e-02
1.978609693777769532e-02
1.875585606933648924e-02
3.486697505046321144e-02
2.897704427709566280e-02
2.951392135908979808e-02
1.846276064865256389e-02
3.261794589150713436e-02
2.906594640762484583e-02
3.217013164633773792e-02
3.217013164633772404e-02
6.086136885811159469e-02
3.408980794911528611e-02
3.392291684017717524e-02
1.983763360614913471e-02
3.408980794911517509e-02
1.869099046493193431e-02
2.007919235846162068e-02
1.881017871652767778e-02
3.486697505046320450e-02
1.949035055092799770e-02
1.978609693777770226e-02
1.222757034488045243e-02
2.152077593730315416e-02
1.846276064865257083e-02
2.037361617994368213e-02
2.019587564213968719e-02
3.814444331954658374e-02
3.167388768122114673e-02
3.176967002659170786e-02
1.881017871652768125e-02
3.261794589150713436e-02
1.875585606933648924e-02
2.037361617994368213e-02
1.939651555614361339e-02
3.626327943654790442e-02
3.139508524208849821e-02
3.217013164633773792e-02
2.019587564213968026e-02
3.588869465204468090e-02
3.217013164633773098e-02
3.581530448508290360e-02
3.588869465204468090e-02
6.820727139413049200e-02
5.841355448408738771e-02
5.827442316787927873e-02
3.392291684017718217e-02
5.841355448408733914e-02
3.167388768122113285e-02
3.408980794911519591e-02
3.176967002659172173e-02
5.899577210146828010e-02
3.167388768122112591e-02
3.220864406611650271e-02
1.978609693777771267e-02
3.486697505046321144e-02
2.951392135908980849e-02
3.261794589150714130e-02
3.217013164633772404e-02
6.086136885811158082e-02
3.392291684017719605e-02
3.408980794911518897e-02
2.007919235846162762e-02
3.486697505046321838e-02
1.978609693777771267e-02
2.152077593730314375e-02
2.037361617994367172e-02
3.814444331954658374e-02
3.176967002659171480e-02
3.261794589150714824e-02
2.037361617994367172e-02
3.626327943654790442e-02
3.217013164633773098e-02
3.588869465204467396e-02
3.581530448508290360e-02
6.820727139413049200e-02
5.827442316787929261e-02
5.841355448408734607e-02
3.408980794911519591e-02
5.899577210146827316e-02
3.220864406611651659e-02
3.486697505046321144e-02
3.261794589150715518e-02
6.086136885811158082e-02
3.408980794911520978e-02
3.486697505046321838e-02
2.152077593730315069e-02
3.814444331954658374e-02
3.261794589150715518e-02
3.626327943654790442e-02
3.588869465204469478e-02
6.820727139413049200e-02
5.841355448408735995e-02
5.899577210146829398e-02
3.486697505046321838e-02
6.086136885811158775e-02
3.486697505046322532e-02
3.814444331954658374e-02
3.626327943654789748e-02
6.820727139413049200e-02
5.899577210146828010e-02
6.086136885811159469e-02
3.814444331954658374e-02
6.820727139413047813e-02
6.086136885811160163e-02
6.820727139413050588e-02
6.820727139413053364e-02
1.303483773226995490e-01
