5.419578030151613879e-01
1.145519759570492457e-01
1.145519759570494678e-01
4.971091351999373797e-02
1.145519759570491625e-01
2.561223558525754784e-02
4.971091351999387675e-02
2.819480527015844062e-02
1.145519759570494817e-01
2.455473050388895517e-02
2.561223558525807520e-02
1.208975365062758822e-02
4.971091351999323837e-02
1.208975365062769924e-02
2.819480527015807980e-02
1.972242263624085501e-02
1.145519759570493845e-01
2.439969863442975270e-02
2.455473050388929171e-02
1.107668270594229162e-02
2.561223558525768662e-02
5.964154787992965306e-03
1.208975365062788486e-02
7.826974578057628237e-03
4.971091351999364083e-02
1.107668270594224652e-02
1.208975365062791262e-02
6.769469496689203836e-03
2.819480527015830879e-02
7.826974578057591808e-03
1.972242263624090011e-02
1.739419089532587975e-02
1.145519759570494261e-01
2.437195515945803775e-02
2.439969863442977005e-02
1.090029079553922302e-02
2.455473050388926395e-02
5.632174604772480567e-03
1.107668270594229336e-02
6.863568446981379439e-03
2.561223558525772132e-02
5.632174604772472760e-03
5.964154787992998266e-03
3.157924830086084392e-03
1.208975365062782241e-02
3.263444333134993009e-03
7.826974578057602216e-03
6.741860395048124115e-03
4.971091351999364083e-02
1.090029079553921261e-02
1.107668270594228295e-02
5.651031496153428174e-03
1.208975365062785884e-02
3.157924830086109979e-03
6.769469496689202968e-03
5.728789450362556032e-03
2.819480527015837817e-02
6.863568446981370766e-03
7.826974578057631707e-03
5.728789450362562104e-03
1.972242263624091399e-02
6.741860395048131921e-03
1.739419089532586588e-02
1.972242263624222891e-02
1.145519759570494261e-01
2.439969863442975617e-02
2.437195515945805510e-02
1.090029079553922822e-02
2.439969863442974229e-02
5.587237595243210730e-03
1.090029079553923169e-02
6.708536577521815279e-03
2.455473050388929171e-02
5.373359910542213104e-03
5.632174604772511792e-03
2.908078233953117868e-03
1.107668270594223611e-02
2.925088150856956001e-03
6.863568446981358623e-03
5.728789450362464092e-03
2.561223558525770744e-02
5.587237595243223741e-03
5.632174604772497914e-03
2.802558730904259991e-03
5.964154787992975715e-03
1.521337631691342023e-03
3.157924830086112581e-03
2.573069692138139648e-03
1.208975365062786751e-02
2.925088150856977251e-03
3.263444333135011657e-03
2.359192007437162404e-03
7.826974578057609155e-03
2.690885538990803443e-03
6.741860395048124982e-03
7.826974578058166002e-03
4.971091351999366165e-02
1.090029079553921955e-02
1.090029079553921261e-02
5.468256151722162076e-03
1.107668270594227254e-02
2.802558730904252619e-03
5.651031496153432511e-03
4.539326595273833476e-03
1.208975365062787098e-02
2.908078233953143889e-03
3.157924830086112147e-03
2.241089508917651438e-03
6.769469496689176947e-03
2.359192007437155032e-03
5.728789450362552563e-03
6.863568446981916336e-03
2.819480527015839552e-02
6.708536577521812677e-03
6.863568446981383776e-03
4.539326595273841282e-03
7.826974578057624768e-03
2.573069692138139648e-03
5.728789450362560369e-03
6.708536577522401616e-03
1.972242263624094175e-02
5.728789450362479704e-03
6.741860395048143197e-03
6.863568446981918938e-03
1.739419089532589710e-02
7.826974578058160797e-03
1.972242263624224279e-02
2.819480527016149374e-02
1.145519759570493984e-01
2.455473050388927783e-02
2.439969863442976311e-02
1.107668270594230030e-02
2.437195515945803082e-02
5.632174604772484904e-03
1.090029079553922996e-02
6.863568446981380307e-03
2.439969863442975964e-02
5.373359910542213104e-03
5.587237595243242823e-03
2.925088150856961205e-03
1.090029079553917445e-02
2.908078233953151695e-03
6.708536577521793595e-03
5.728789450362471031e-03
2.455473050388928477e-02
5.373359910542238257e-03
5.373359910542239992e-03
2.675241554724032845e-03
5.632174604772490975e-03
1.431930895884355077e-03
2.908078233953149527e-03
2.359192007437145924e-03
1.107668270594228468e-02
2.675241554724026340e-03
2.925088150856984190e-03
2.100090661540055578e-03
6.863568446981369031e-03
2.359192007437142889e-03
5.728789450362476235e-03
6.769469496689667007e-03
2.561223558525771438e-02
5.632174604772490975e-03
5.587237595243220271e-03
2.802558730904255654e-03
5.632174604772485771e-03
1.420748875117788888e-03
2.802558730904257823e-03
2.241089508917642765e-03
5.964154787992980919e-03
1.431930895884348139e-03
1.521337631691335951e-03
1.070725974208817802e-03
3.157924830086106076e-03
1.101773460600119795e-03
2.573069692138138347e-03
3.157924830086323350e-03
1.208975365062786751e-02
2.908078233953149093e-03
2.925088150856983756e-03
1.982274814687387445e-03
3.263444333135002116e-03
1.101773460600122614e-03
2.359192007437158067e-03
2.908078233953375474e-03
7.826974578057628237e-03
2.359192007437142889e-03
2.690885538990810382e-03
2.925088150857201464e-03
6.741860395048133656e-03
3.263444333135226763e-03
7.826974578058162532e-03
1.208975365062927784e-02
4.971091351999364777e-02
1.107668270594228295e-02
1.090029079553921608e-02
5.651031496153429041e-03
1.090029079553920914e-02
2.802558730904257389e-03
5.468256151722156004e-03
4.539326595273827404e-03
1.107668270594229162e-02
2.675241554724022437e-03
2.802558730904259124e-03
1.982274814687384409e-03
5.651031496153420368e-03
1.982274814687379205e-03
4.539326595273831741e-03
5.651031496153856651e-03
1.208975365062787792e-02
2.925088150856981588e-03
2.908078233953149960e-03
1.982274814687382675e-03
3.157924830086111714e-03
1.070725974208818453e-03
2.241089508917650137e-03
2.802558730904475531e-03
6.769469496689204703e-03
2.100090661540056879e-03
2.359192007437157634e-03
2.675241554724242746e-03
5.728789450362547359e-03
2.925088150857205367e-03
6.863568446981925010e-03
1.107668270594362910e-02
2.819480527015839552e-02
6.863568446981381174e-03
6.708536577521813545e-03
4.539326595273827404e-03
6.863568446981384644e-03
2.241089508917644066e-03
4.539326595273825669e-03
5.468256151722613104e-03
7.826974578057624768e-03
2.359192007437143756e-03
2.573069692138140081e-03
2.802558730904467291e-03
5.728789450362558634e-03
2.908078233953374173e-03
6.708536577522413759e-03
1.090029079554055876e-02
1.972242263624098338e-02
5.728789450362486643e-03
5.728789450362489245e-03
5.651031496153861855e-03
6.741860395048150136e-03
3.157924830086328554e-03
6.863568446981924143e-03
1.090029079554056049e-02
1.739419089532591445e-02
6.769469496689673078e-03
7.826974578058162532e-03
1.107668270594362389e-02
1.972242263624226707e-02
1.208975365062928478e-02
2.819480527016149027e-02
4.971091352000021196e-02
1.145519759570494261e-01
2.561223558525769703e-02
2.455473050388929865e-02
1.208975365062787966e-02
2.439969863442975617e-02
5.964154787992972245e-03
1.107668270594230377e-02
7.826974578057631707e-03
2.437195515945806898e-02
5.632174604772475363e-03
5.632174604772515261e-03
3.263444333134995611e-03
1.090029079553918138e-02
3.157924830086123857e-03
6.863568446981360358e-03
6.741860395048141462e-03
2.439969863442976311e-02
5.587237595243222006e-03
5.373359910542239992e-03
2.925088150856988960e-03
5.587237595243218537e-03
1.521337631691334433e-03
2.925088150856983756e-03
2.690885538990808647e-03
1.090029079553921955e-02
2.802558730904250884e-03
2.908078233953156032e-03
2.359192007437160669e-03
6.708536577521804871e-03
2.573069692138142250e-03
5.728789450362473633e-03
7.826974578058167736e-03
2.455473050388928477e-02
5.632174604772495312e-03
5.373359910542241727e-03
2.908078233953149527e-03
5.373359910542235655e-03
1.431930895884346404e-03
2.675241554724034146e-03
2.359192007437146358e-03
5.632174604772494445e-03
1.420748875117786719e-03
1.431930895884344886e-03
1.101773460600124132e-03
2.908078233953144756e-03
1.101773460600124566e-03
2.359192007437145057e-03
3.263444333135233702e-03
1.107668270594228815e-02
2.802558730904254787e-03
2.675241554724031544e-03
1.982274814687389614e-03
2.925088150856982889e-03
1.070725974208822139e-03
2.100090661540055578e-03
2.925088150857207102e-03
6.863568446981377705e-03
2.241089508917643632e-03
2.359192007437148526e-03
2.908078233953376775e-03
5.728789450362476235e-03
3.157924830086327253e-03
6.769469496689665272e-03
1.208975365062927784e-02
2.561223558525771785e-02
5.964154787992982654e-03
5.632174604772494445e-03
3.157924830086116484e-03
5.587237595243222006e-03
1.521337631691342457e-03
2.802558730904261292e-03
2.573069692138143117e-03
5.632174604772496179e-03
1.431930895884340766e-03
1.420748875117788237e-03
1.101773460600123699e-03
2.802558730904249149e-03
1.070725974208819320e-03
2.241089508917638428e-03
3.157924830086327253e-03
5.964154787992985256e-03
1.521337631691335301e-03
1.431930895884339465e-03
1.070725974208826476e-03
1.521337631691336168e-03
5.610961744962121535e-04
1.070725974208826476e-03
1.521337631691469959e-03
3.157924830086115617e-03
1.070725974208825391e-03
1.101773460600126301e-03
1.431930895884489519e-03
2.573069692138140081e-03
1.521337631691471477e-03
3.157924830086325518e-03
5.964154787993686951e-03
1.208975365062788139e-02
3.157924830086113448e-03
2.908078233953149527e-03
2.241089508917660546e-03
2.925088150856982455e-03
1.070725974208822356e-03
1.982274814687387879e-03
2.802558730904469025e-03
3.263444333135009923e-03
1.101773460600118278e-03
1.101773460600123482e-03
1.420748875117927449e-03
2.359192007437158067e-03
1.431930895884474557e-03
2.908078233953374607e-03
5.632174604773190936e-03
7.826974578057631707e-03
2.573069692138143117e-03
2.359192007437144190e-03
2.802558730904473796e-03
2.690885538990810382e-03
1.521337631691471043e-03
2.925088150857206668e-03
5.587237595243921100e-03
6.741860395048144064e-03
3.157924830086325085e-03
3.263444333135235003e-03
5.632174604773192671e-03
7.826974578058166002e-03
5.964154787993685217e-03
1.208975365062928652e-02
2.561223558526118729e-02
4.971091351999364083e-02
1.208975365062787792e-02
1.107668270594228815e-02
6.769469496689195162e-03
1.090029079553921261e-02
3.157924830086108678e-03
5.651031496153429041e-03
5.728789450362568175e-03
1.090029079553921955e-02
2.908078233953147792e-03
2.802558730904257823e-03
2.359192007437158067e-03
5.468256151722152535e-03
2.241089508917657944e-03
4.539326595273827404e-03
6.863568446981925877e-03
1.107668270594228989e-02
2.925088150856982455e-03
2.675241554724028508e-03
2.100090661540061649e-03
2.802558730904257823e-03
1.070725974208823657e-03
1.982274814687390481e-03
2.925088150857207969e-03
5.651031496153425572e-03
1.982274814687382241e-03
1.982274814687387445e-03
2.675241554724244481e-03
4.539326595273835210e-03
2.802558730904468592e-03
5.651031496153854916e-03
1.107668270594362736e-02
1.208975365062787445e-02
3.263444333135007321e-03
2.925088150856981154e-03
2.359192007437163272e-03
2.908078233953152129e-03
1.101773460600124566e-03
1.982274814687387445e-03
2.908078233953376775e-03
3.157924830086113882e-03
1.101773460600121313e-03
1.070725974208826042e-03
1.431930895884480411e-03
2.241089508917654908e-03
1.420748875117923762e-03
2.802558730904468158e-03
5.632174604773190936e-03
6.769469496689200366e-03
2.359192007437160669e-03
2.100090661540060348e-03
2.675241554724249685e-03
2.359192007437161970e-03
1.431930895884482580e-03
2.675241554724246650e-03
5.373359910542917402e-03
5.728789450362553430e-03
2.908078233953376775e-03
2.925088150857205367e-03
5.373359910542921739e-03
6.863568446981914602e-03
5.632174604773193538e-03
1.107668270594362910e-02
2.455473050389268483e-02
2.819480527015839899e-02
7.826974578057640380e-03
6.863568446981378572e-03
5.728789450362562971e-03
6.708536577521824820e-03
2.573069692138145719e-03
4.539326595273837812e-03
6.708536577522412024e-03
6.863568446981384644e-03
2.359192007437148526e-03
2.241089508917645367e-03
2.908078233953379811e-03
4.539326595273843884e-03
2.802558730904472495e-03
5.468256151722611369e-03
1.090029079554056049e-02
7.826974578057628237e-03
2.690885538990813852e-03
2.359192007437145057e-03
2.925088150857207102e-03
2.573069692138140081e-03
1.521337631691475813e-03
2.802558730904471627e-03
5.587237595243923702e-03
5.728789450362556900e-03
2.925088150857204933e-03
2.908078233953376342e-03
5.373359910542915667e-03
6.708536577522410289e-03
5.587237595243921100e-03
1.090029079554054835e-02
2.439969863443311113e-02
1.972242263624097297e-02
6.741860395048149268e-03
5.728789450362484909e-03
6.863568446981920673e-03
5.728789450362486643e-03
3.157924830086332457e-03
5.651031496153860988e-03
1.090029079554056222e-02
6.741860395048146666e-03
3.263444333135233268e-03
3.157924830086328554e-03
5.632174604773190069e-03
6.863568446981923275e-03
5.632174604773190069e-03
1.090029079554055008e-02
2.437195515946141700e-02
1.739419089532593526e-02
7.826974578058162532e-03
6.769469496689676548e-03
1.107668270594363603e-02
7.826974578058169471e-03
5.964154787993687819e-03
1.107668270594363603e-02
2.439969863443311807e-02
1.972242263624222197e-02
1.208975365062928131e-02
1.208975365062928652e-02
2.455473050389267442e-02
2.819480527016145557e-02
2.561223558526119076e-02
4.971091352000026053e-02
1.145519759570653162e-01
1.145519759570494123e-01
4.971091351999362001e-02
2.561223558525773172e-02
2.819480527015839899e-02
2.455473050388927089e-02
1.208975365062785017e-02
1.208975365062788659e-02
1.972242263624093828e-02
2.439969863442975617e-02
1.107668270594224132e-02
5.964154787993002603e-03
7.826974578057600482e-03
1.107668270594223958e-02
6.769469496689113630e-03
7.826974578057605686e-03
1.739419089532586934e-02
2.437195515945805163e-02
1.090029079553920220e-02
5.632174604772492710e-03
6.863568446981374235e-03
5.632174604772487506e-03
3.157924830086110846e-03
3.263444333135015127e-03
6.741860395048149268e-03
1.090029079553921261e-02
5.651031496153404755e-03
3.157924830086114316e-03
5.728789450362554297e-03
6.863568446981356021e-03
5.728789450362539552e-03
6.741860395048134523e-03
1.972242263624226014e-02
2.439969863442976658e-02
1.090029079553920914e-02
5.587237595243218537e-03
6.708536577521819616e-03
5.373359910542231319e-03
2.908078233953147792e-03
2.925088150856985057e-03
5.728789450362485776e-03
5.587237595243219404e-03
2.802558730904250884e-03
1.521337631691328579e-03
2.573069692138138347e-03
2.925088150856977685e-03
2.359192007437153731e-03
2.690885538990806913e-03
7.826974578058160797e-03
1.090029079553921434e-02
5.468256151722158606e-03
2.802558730904256955e-03
4.539326595273834343e-03
2.908078233953149960e-03
2.241089508917649270e-03
2.359192007437158501e-03
6.863568446981914602e-03
6.708536577521814412e-03
4.539326595273830874e-03
2.573069692138145719e-03
6.708536577522423300e-03
5.728789450362479704e-03
6.863568446981924143e-03
7.826974578058159063e-03
2.819480527016141394e-02
2.455473050388928824e-02
1.107668270594227428e-02
5.632174604772486638e-03
6.863568446981362960e-03
5.373359910542239125e-03
2.925088150856981588e-03
2.908078233953156466e-03
5.728789450362481439e-03
5.373359910542235655e-03
2.675241554724018967e-03
1.431930895884335345e-03
2.359192007437137684e-03
2.675241554724026773e-03
2.100090661540050373e-03
2.359192007437140720e-03
6.769469496689666139e-03
5.632174604772495312e-03
2.802558730904253920e-03
1.420748875117779997e-03
2.241089508917648836e-03
1.431930895884350307e-03
1.070725974208823223e-03
1.101773460600126951e-03
3.157924830086325952e-03
2.908078233953160802e-03
1.982274814687386144e-03
1.101773460600119145e-03
2.908078233953378944e-03
2.359192007437147659e-03
2.925088150857208837e-03
3.263444333135232835e-03
1.208975365062929519e-02
1.107668270594228815e-02
5.651031496153421235e-03
2.802558730904258256e-03
4.539326595273841282e-03
2.675241554724033712e-03
1.982274814687387011e-03
1.982274814687388746e-03
5.651031496153860988e-03
2.925088150856980287e-03
1.982274814687383976e-03
1.070725974208823440e-03
2.802558730904470760e-03
2.100090661540053843e-03
2.675241554724245348e-03
2.925088150857208403e-03
1.107668270594362910e-02
6.863568446981366429e-03
4.539326595273829139e-03
2.241089508917647969e-03
5.468256151722633053e-03
2.359192007437144190e-03
2.802558730904469459e-03
2.908078233953377643e-03
1.090029079554056049e-02
5.728789450362482306e-03
5.651031496153853181e-03
3.157924830086328554e-03
1.090029079554056222e-02
6.769469496689669609e-03
1.107668270594363603e-02
1.208975365062929519e-02
4.971091352000025360e-02
2.561223558525770744e-02
1.208975365062787272e-02
5.964154787992978317e-03
7.826974578057635176e-03
5.632174604772490108e-03
3.263444333135009923e-03
3.157924830086112147e-03
6.741860395048155340e-03
5.587237595243220271e-03
2.925088150856977685e-03
1.521337631691335951e-03
2.690885538990811683e-03
2.802558730904250884e-03
2.359192007437157200e-03
2.573069692138139648e-03
7.826974578058167736e-03
5.632174604772486638e-03
2.908078233953143021e-03
1.431930895884334911e-03
2.359192007437147659e-03
1.420748875117778913e-03
1.101773460600137576e-03
1.101773460600120012e-03
3.263444333135234136e-03
2.802558730904253052e-03
1.982274814687382241e-03
1.070725974208813899e-03
2.925088150857210138e-03
2.241089508917637994e-03
2.908078233953378510e-03
3.157924830086329855e-03
1.208975365062929519e-02
5.964154787992980919e-03
3.157924830086113448e-03
1.521337631691330964e-03
2.573069692138146587e-03
1.431930895884339899e-03
1.101773460600129336e-03
1.070725974208815200e-03
3.157924830086327687e-03
1.521337631691333132e-03
1.070725974208827994e-03
5.610961744961936136e-04
1.521337631691477331e-03
1.070725974208816501e-03
1.431930895884503613e-03
1.521337631691472344e-03
5.964154787993690421e-03
3.157924830086113448e-03
2.241089508917651438e-03
1.070725974208817585e-03
2.802558730904474663e-03
1.101773460600118278e-03
1.420748875117927882e-03
1.431930895884481495e-03
5.632174604773189201e-03
2.573069692138143117e-03
2.802558730904472929e-03
1.521337631691477765e-03
5.587237595243928039e-03
3.157924830086326819e-03
5.632174604773191803e-03
5.964154787993691288e-03
2.561223558526119423e-02
1.208975365062787619e-02
6.769469496689191693e-03
3.157924830086105642e-03
5.728789450362559502e-03
2.908078233953155164e-03
2.359192007437168042e-03
2.241089508917647102e-03
6.863568446981938020e-03
2.925088150856986358e-03
2.100090661540056445e-03
1.070725974208827343e-03
2.925088150857209704e-03
1.982274814687390047e-03
2.675241554724243180e-03
2.802558730904474230e-03
1.107668270594363777e-02
3.263444333135014693e-03
2.359192007437163705e-03
1.101773460600120663e-03
2.908078233953382413e-03
1.101773460600134324e-03
1.431930895884477592e-03
1.420748875117935905e-03
5.632174604773195273e-03
2.359192007437160236e-03
2.675241554724244481e-03
1.431930895884480845e-03
5.373359910542924341e-03
2.908078233953380679e-03
5.373359910542923473e-03
5.632174604773193538e-03
2.455473050389269177e-02
7.826974578057638646e-03
5.728789450362575114e-03
2.573069692138145719e-03
6.708536577522428504e-03
2.359192007437150695e-03
2.908078233953382413e-03
2.802558730904468592e-03
1.090029079554055355e-02
2.690885538990814285e-03
2.925088150857207969e-03
1.521337631691476898e-03
5.587237595243928039e-03
2.925088150857208837e-03
5.373359910542922606e-03
5.587237595243926304e-03
2.439969863443311807e-02
6.741860395048151870e-03
6.863568446981933684e-03
3.157924830086329855e-03
1.090029079554055702e-02
3.263444333135233702e-03
5.632174604773190936e-03
5.632174604773189201e-03
2.437195515946141700e-02
7.826974578058169471e-03
1.107668270594363256e-02
5.964154787993688686e-03
2.439969863443311113e-02
1.208975365062929172e-02
2.455473050389269177e-02
2.561223558526120464e-02
1.145519759570653995e-01
4.971091351999366165e-02
2.819480527015838164e-02
1.208975365062788139e-02
1.972242263624098685e-02
1.107668270594228122e-02
7.826974578057629972e-03
6.769469496689191693e-03
1.739419089532593179e-02
1.090029079553921781e-02
6.863568446981377705e-03
3.157924830086113882e-03
6.741860395048149268e-03
5.651031496153423837e-03
5.728789450362564706e-03
5.728789450362559502e-03
1.972242263624227748e-02
1.090029079553921955e-02
6.708536577521817881e-03
2.908078233953152562e-03
5.728789450362509195e-03
2.802558730904254787e-03
2.573069692138143551e-03
2.359192007437163272e-03
7.826974578058185084e-03
5.468256151722161208e-03
4.539326595273832608e-03
2.241089508917665316e-03
6.863568446981933684e-03
4.539326595273831741e-03
6.708536577522406820e-03
6.863568446981917204e-03
2.819480527016149027e-02
1.107668270594228642e-02
6.863568446981388113e-03
2.925088150856987226e-03
5.728789450362495317e-03
2.675241554724027207e-03
2.359192007437148526e-03
2.100090661540057312e-03
6.769469496689679150e-03
2.802558730904256088e-03
2.241089508917642765e-03
1.070725974208828644e-03
3.157924830086332891e-03
1.982274814687387445e-03
2.908078233953377209e-03
2.925088150857206235e-03
1.208975365062929866e-02
5.651031496153424705e-03
4.539326595273840415e-03
1.982274814687389180e-03
5.651031496153872263e-03
1.982274814687386578e-03
2.802558730904472061e-03
2.675241554724246216e-03
1.107668270594364471e-02
4.539326595273832608e-03
5.468256151722625247e-03
2.802558730904467724e-03
1.090029079554056916e-02
5.651031496153862722e-03
1.090029079554055876e-02
1.107668270594362910e-02
4.971091352000026747e-02
1.208975365062787966e-02
7.826974578057629972e-03
3.263444333135005152e-03
6.741860395048146666e-03
2.925088150856985057e-03
2.690885538990811249e-03
2.359192007437164573e-03
7.826974578058176410e-03
2.908078233953145623e-03
2.359192007437145491e-03
1.101773460600131722e-03
3.263444333135240207e-03
1.982274814687383976e-03
2.925088150857206668e-03
2.908078233953374173e-03
1.208975365062929692e-02
3.157924830086117352e-03
2.573069692138144418e-03
1.101773460600134974e-03
3.157924830086333758e-03
1.070725974208827343e-03
1.521337631691476898e-03
1.431930895884504047e-03
5.964154787993700829e-03
2.241089508917674424e-03
2.802558730904481602e-03
1.420748875117925063e-03
5.632174604773204814e-03
2.802558730904467724e-03
5.587237595243926304e-03
5.632174604773198742e-03
2.561223558526121505e-02
6.769469496689201234e-03
5.728789450362567308e-03
2.359192007437170644e-03
6.863568446981934551e-03
2.100090661540057746e-03
2.925088150857202765e-03
2.675241554724246650e-03
1.107668270594363083e-02
2.359192007437164573e-03
2.908078233953376342e-03
1.431930895884500361e-03
5.632174604773195273e-03
2.675241554724246216e-03
5.373359910542913065e-03
5.373359910542924341e-03
2.455473050389269177e-02
5.728789450362556900e-03
6.708536577522391207e-03
2.908078233953379811e-03
1.090029079554055529e-02
2.925088150857207536e-03
5.587237595243919365e-03
5.373359910542928677e-03
2.439969863443315623e-02
6.863568446981912000e-03
1.090029079554055182e-02
5.632174604773195273e-03
2.437195515946144475e-02
1.107668270594363083e-02
2.439969863443314235e-02
2.455473050389270911e-02
1.145519759570655938e-01
2.819480527015840246e-02
1.972242263624102154e-02
7.826974578057629972e-03
1.739419089532595261e-02
6.863568446981382909e-03
6.741860395048157942e-03
5.728789450362568175e-03
1.972242263624228789e-02
6.708536577521823085e-03
5.728789450362501388e-03
2.573069692138137913e-03
7.826974578058178145e-03
4.539326595273836078e-03
6.863568446981935418e-03
6.708536577522387738e-03
2.819480527016147639e-02
6.863568446981388113e-03
5.728789450362495317e-03
2.359192007437149827e-03
6.769469496689686089e-03
2.241089508917642331e-03
3.157924830086332024e-03
2.908078233953378944e-03
1.208975365062930213e-02
4.539326595273836078e-03
5.651031496153868794e-03
2.802558730904479434e-03
1.107668270594364818e-02
5.468256151722626981e-03
1.090029079554056569e-02
1.090029079554056222e-02
4.971091352000030911e-02
7.826974578057629972e-03
6.741860395048159676e-03
2.690885538990812984e-03
7.826974578058178145e-03
2.359192007437143756e-03
3.263444333135240207e-03
2.925088150857201030e-03
1.208975365062929345e-02
2.573069692138139214e-03
3.157924830086335493e-03
1.521337631691475380e-03
5.964154787993699094e-03
2.802558730904467291e-03
5.632174604773201344e-03
5.587237595243922834e-03
2.561223558526121505e-02
5.728789450362561236e-03
6.863568446981931949e-03
2.925088150857206235e-03
1.107668270594364124e-02
2.908078233953376775e-03
5.632174604773198742e-03
5.373359910542913932e-03
2.455473050389270911e-02
6.708536577522383401e-03
1.090029079554055876e-02
5.587237595243928039e-03
2.439969863443316317e-02
1.090029079554054314e-02
2.437195515946145516e-02
2.439969863443315276e-02
1.145519759570656354e-01
1.972242263624102501e-02
1.739419089532598037e-02
6.741860395048157942e-03
1.972242263624229136e-02
5.728789450362497919e-03
7.826974578058179879e-03
6.863568446981939755e-03
2.819480527016148680e-02
5.728789450362510062e-03
6.769469496689688691e-03
3.157924830086332457e-03
1.208975365062930560e-02
5.651031496153872263e-03
1.107668270594364991e-02
1.090029079554056049e-02
4.971091352000030911e-02
6.741860395048160544e-03
7.826974578058176410e-03
3.263444333135239774e-03
1.208975365062930733e-02
3.157924830086332891e-03
5.964154787993700829e-03
5.632174604773197875e-03
2.561223558526121852e-02
6.863568446981932816e-03
1.107668270594364124e-02
5.632174604773198742e-03
2.455473050389272299e-02
1.090029079554055529e-02
2.439969863443314929e-02
2.437195515946144822e-02
1.145519759570656632e-01
1.739419089532595955e-02
1.972242263624229830e-02
7.826974578058181614e-03
2.819480527016147986e-02
6.769469496689683487e-03
1.208975365062928999e-02
1.107668270594362910e-02
4.971091352000031605e-02
7.826974578058176410e-03
1.208975365062929866e-02
5.964154787993697360e-03
2.561223558526121505e-02
1.107668270594364471e-02
2.455473050389270911e-02
2.439969863443316317e-02
1.145519759570656076e-01
1.972242263624226360e-02
2.819480527016147292e-02
1.208975365062928999e-02
4.971091352000026747e-02
1.208975365062928825e-02
2.561223558526121158e-02
2.455473050389270565e-02
1.145519759570656354e-01
2.819480527016141047e-02
4.971091352000026747e-02
2.561223558526120464e-02
1.145519759570655799e-01
4.971091352000027441e-02
1.145519759570655799e-01
1.145519759570656076e-01
5.419578030152376602e-01
