2.024577643356688106e-01
8.472154165386475144e-02
8.472154165386475144e-02
6.799670623030357186e-02
8.472154165386519553e-02
3.890514378400700135e-02
6.799670623030473759e-02
6.282299360622778384e-02
8.472154165386536206e-02
3.641318300975254774e-02
3.890514378400738993e-02
3.284004423821693108e-02
6.799670623030423799e-02
3.284004423821700047e-02
6.282299360622806139e-02
6.090178127032570832e-02
8.472154165386505675e-02
3.587254093721831821e-02
3.641318300975245753e-02
2.983912499881502881e-02
3.890514378400751483e-02
1.827634924440588865e-02
3.284004423821713231e-02
3.110665457116884233e-02
6.799670623030419636e-02
2.983912499881510860e-02
3.284004423821706986e-02
2.861469379691382320e-02
6.282299360622800588e-02
3.110665457116884233e-02
6.090178127032574301e-02
6.039129247263127359e-02
8.472154165386504288e-02
3.575885765283959294e-02
3.587254093721831821e-02
2.918574513137808801e-02
3.641318300975249916e-02
1.694716585775059986e-02
2.983912499881516758e-02
2.800396239331726794e-02
3.890514378400753565e-02
1.694716585775064496e-02
1.827634924440593028e-02
1.573700718080086117e-02
3.284004423821709068e-02
1.613874952010735386e-02
3.110665457116888744e-02
3.068776662941985478e-02
6.799670623030415473e-02
2.918574513137815740e-02
2.983912499881511207e-02
2.497135954652812337e-02
3.284004423821709068e-02
1.573700718080087851e-02
2.861469379691386830e-02
2.768684739001789005e-02
6.282299360622796425e-02
2.800396239331729570e-02
3.110665457116885968e-02
2.768684739001788311e-02
6.090178127032574301e-02
3.068776662941985131e-02
6.039129247263130135e-02
6.090178127032569444e-02
8.472154165386505675e-02
3.587254093721831821e-02
3.575885765283959294e-02
2.918574513137808801e-02
3.587254093721835985e-02
1.672642410396001089e-02
2.918574513137823026e-02
2.746332032078315638e-02
3.641318300975252692e-02
1.587805006695112639e-02
1.694716585775064149e-02
1.459442277718562761e-02
2.983912499881513289e-02
1.467323108596360441e-02
2.800396239331732345e-02
2.768684739001791434e-02
3.890514378400748013e-02
1.672642410396004212e-02
1.694716585775064843e-02
1.419268043787914706e-02
1.827634924440594416e-02
8.759127548981948674e-03
1.573700718080088545e-02
1.524900766986398218e-02
3.284004423821711149e-02
1.467323108596361829e-02
1.613874952010737121e-02
1.440063363285505257e-02
3.110665457116886662e-02
1.572879589865661815e-02
3.068776662941987560e-02
3.110665457116885621e-02
6.799670623030414085e-02
2.918574513137815393e-02
2.918574513137816087e-02
2.431703418961527960e-02
2.983912499881512942e-02
1.419268043787915573e-02
2.497135954652816847e-02
2.403254828317902270e-02
3.284004423821711149e-02
1.459442277718564149e-02
1.573700718080088892e-02
1.391982428320868645e-02
2.861469379691385789e-02
1.440063363285505431e-02
2.768684739001790740e-02
2.800396239331729917e-02
6.282299360622793649e-02
2.746332032078315985e-02
2.800396239331729917e-02
2.403254828317901576e-02
3.110665457116885968e-02
1.524900766986398044e-02
2.768684739001791087e-02
2.746332032078315985e-02
6.090178127032572913e-02
2.768684739001791434e-02
3.068776662941985825e-02
2.800396239331729917e-02
6.039129247263132910e-02
3.110665457116885968e-02
6.090178127032572220e-02
6.282299360622779771e-02
8.472154165386504288e-02
3.641318300975245753e-02
3.587254093721833209e-02
2.983912499881503574e-02
3.575885765283963458e-02
1.694716585775060680e-02
2.918574513137822332e-02
2.800396239331727141e-02
3.587254093721840148e-02
1.587805006695112639e-02
1.672642410396005946e-02
1.467323108596360615e-02
2.918574513137817822e-02
1.459442277718563281e-02
2.746332032078319108e-02
2.768684739001791781e-02
3.641318300975249223e-02
1.587805006695111251e-02
1.587805006695112292e-02
1.353064668234835351e-02
1.694716585775066231e-02
8.246187969594545586e-03
1.459442277718565190e-02
1.440063363285508380e-02
2.983912499881513636e-02
1.353064668234837606e-02
1.467323108596362176e-02
1.333049672120182813e-02
2.800396239331730958e-02
1.440063363285508900e-02
2.768684739001793169e-02
2.861469379691385442e-02
3.890514378400749401e-02
1.694716585775064149e-02
1.672642410396004906e-02
1.419268043787914185e-02
1.694716585775065884e-02
8.189229135887897415e-03
1.419268043787916961e-02
1.391982428320872114e-02
1.827634924440594416e-02
8.246187969594549055e-03
8.759127548981953879e-03
7.891801716472262099e-03
1.573700718080087851e-02
8.057989347580927358e-03
1.524900766986398738e-02
1.573700718080083688e-02
3.284004423821710456e-02
1.459442277718563802e-02
1.467323108596362002e-02
1.285070849240919737e-02
1.613874952010736774e-02
8.057989347580922154e-03
1.440063363285506472e-02
1.459442277718559292e-02
3.110665457116885968e-02
1.440063363285509074e-02
1.572879589865662162e-02
1.467323108596356625e-02
3.068776662941987213e-02
1.613874952010730876e-02
3.110665457116885621e-02
3.284004423821704904e-02
6.799670623030414085e-02
2.983912499881510166e-02
2.918574513137816087e-02
2.497135954652812337e-02
2.918574513137816781e-02
1.419268043787915226e-02
2.431703418961531082e-02
2.403254828317901923e-02
2.983912499881513636e-02
1.353064668234837432e-02
1.419268043787916440e-02
1.285070849240919563e-02
2.497135954652816500e-02
1.285070849240920084e-02
2.403254828317903657e-02
2.497135954652817194e-02
3.284004423821710456e-02
1.467323108596361655e-02
1.459442277718564496e-02
1.285070849240919910e-02
1.573700718080088198e-02
7.891801716472262099e-03
1.391982428320869859e-02
1.419268043787911583e-02
2.861469379691385095e-02
1.333049672120183507e-02
1.440063363285505778e-02
1.353064668234832922e-02
2.768684739001790740e-02
1.467323108596356625e-02
2.800396239331730958e-02
2.983912499881509126e-02
6.282299360622796425e-02
2.800396239331729223e-02
2.746332032078316679e-02
2.403254828317900535e-02
2.800396239331730264e-02
1.391982428320872808e-02
2.403254828317902617e-02
2.431703418961530389e-02
3.110665457116885274e-02
1.440063363285509421e-02
1.524900766986398738e-02
1.419268043787911930e-02
2.768684739001790393e-02
1.459442277718559638e-02
2.746332032078317373e-02
2.918574513137817128e-02
6.090178127032574301e-02
2.768684739001792128e-02
2.768684739001792128e-02
2.497135954652816500e-02
3.068776662941986172e-02
1.573700718080085076e-02
2.800396239331730611e-02
2.918574513137817128e-02
6.039129247263132910e-02
2.861469379691385789e-02
3.110665457116885968e-02
2.983912499881509126e-02
6.090178127032571526e-02
3.284004423821705598e-02
6.282299360622783935e-02
6.799670623030404371e-02
8.472154165386505675e-02
3.890514378400747320e-02
3.641318300975245059e-02
3.284004423821699353e-02
3.587254093721835985e-02
1.827634924440589212e-02
2.983912499881515717e-02
3.110665457116882152e-02
3.575885765283965539e-02
1.694716585775065190e-02
1.694716585775065190e-02
1.613874952010734692e-02
2.918574513137818863e-02
1.573700718080086117e-02
2.800396239331731998e-02
3.068776662941984784e-02
3.587254093721835985e-02
1.672642410396003865e-02
1.587805006695111945e-02
1.467323108596360268e-02
1.672642410396005253e-02
8.759127548981941735e-03
1.467323108596362870e-02
1.572879589865660427e-02
2.918574513137818516e-02
1.419268043787916440e-02
1.459442277718564669e-02
1.440063363285504910e-02
2.746332032078318067e-02
1.524900766986399085e-02
2.768684739001792822e-02
3.110665457116885274e-02
3.641318300975248529e-02
1.694716585775064149e-02
1.587805006695111945e-02
1.459442277718562241e-02
1.587805006695112292e-02
8.246187969594542116e-03
1.353064668234838300e-02
1.440063363285508553e-02
1.694716585775064843e-02
8.189229135887893946e-03
8.246187969594557729e-03
8.057989347580929093e-03
1.459442277718565190e-02
8.057989347580925624e-03
1.440063363285509941e-02
1.613874952010731223e-02
2.983912499881512595e-02
1.419268043787915747e-02
1.353064668234837779e-02
1.285070849240919737e-02
1.467323108596362349e-02
7.891801716472263833e-03
1.333049672120184201e-02
1.467323108596356798e-02
2.800396239331730958e-02
1.391982428320872635e-02
1.440063363285509421e-02
1.459442277718559292e-02
2.768684739001791781e-02
1.573700718080084035e-02
2.861469379691386483e-02
3.284004423821704211e-02
3.890514378400749401e-02
1.827634924440593375e-02
1.694716585775064496e-02
1.573700718080084729e-02
1.672642410396004906e-02
8.759127548981945205e-03
1.419268043787917308e-02
1.524900766986398044e-02
1.694716585775065884e-02
8.246187969594552525e-03
8.189229135887900884e-03
8.057989347580927358e-03
1.419268043787916787e-02
7.891801716472263833e-03
1.391982428320873155e-02
1.573700718080083688e-02
1.827634924440594416e-02
8.759127548981948674e-03
8.246187969594552525e-03
7.891801716472263833e-03
8.759127548981959083e-03
4.742259635485380868e-03
7.891801716472269038e-03
8.759127548981917449e-03
1.573700718080088198e-02
7.891801716472270772e-03
8.057989347580930828e-03
8.246187969594510891e-03
1.524900766986398912e-02
8.759127548981917449e-03
1.573700718080084035e-02
1.827634924440586783e-02
3.284004423821709068e-02
1.573700718080087504e-02
1.459442277718564496e-02
1.391982428320868818e-02
1.467323108596362176e-02
7.891801716472262099e-03
1.285070849240920951e-02
1.419268043787912104e-02
1.613874952010737468e-02
8.057989347580925624e-03
8.057989347580932563e-03
8.189229135887850577e-03
1.440063363285505778e-02
8.246187969594514361e-03
1.459442277718559985e-02
1.694716585775060333e-02
3.110665457116885968e-02
1.524900766986398391e-02
1.440063363285509247e-02
1.419268043787912104e-02
1.572879589865662509e-02
8.759127548981919184e-03
1.467323108596357492e-02
1.672642410396001436e-02
3.068776662941986172e-02
1.573700718080084382e-02
1.613874952010732611e-02
1.694716585775061027e-02
3.110665457116887009e-02
1.827634924440587477e-02
3.284004423821706292e-02
3.890514378400744544e-02
6.799670623030416861e-02
3.284004423821707680e-02
2.983912499881511554e-02
2.861469379691381626e-02
2.918574513137818169e-02
1.573700718080086464e-02
2.497135954652816500e-02
2.768684739001789699e-02
2.918574513137818516e-02
1.459442277718564149e-02
1.419268043787916787e-02
1.440063363285504563e-02
2.431703418961531082e-02
1.391982428320869165e-02
2.403254828317903657e-02
2.800396239331729570e-02
2.983912499881512595e-02
1.467323108596361309e-02
1.353064668234837432e-02
1.333049672120182987e-02
1.419268043787916614e-02
7.891801716472267303e-03
1.285070849240920778e-02
1.467323108596356798e-02
2.497135954652816500e-02
1.285070849240920431e-02
1.285070849240920604e-02
1.353064668234832922e-02
2.403254828317902617e-02
1.419268043787911930e-02
2.497135954652817888e-02
2.983912499881508432e-02
3.284004423821710456e-02
1.613874952010736774e-02
1.467323108596362176e-02
1.440063363285504910e-02
1.459442277718564496e-02
8.057989347580922154e-03
1.285070849240921124e-02
1.459442277718559292e-02
1.573700718080088198e-02
8.057989347580925624e-03
7.891801716472267303e-03
8.246187969594510891e-03
1.391982428320869339e-02
8.189229135887854047e-03
1.419268043787912451e-02
1.694716585775060680e-02
2.861469379691385095e-02
1.440063363285505951e-02
1.333049672120183507e-02
1.353064668234833096e-02
1.440063363285505431e-02
8.246187969594514361e-03
1.353064668234833096e-02
1.587805006695111945e-02
2.768684739001790393e-02
1.459442277718559118e-02
1.467323108596357145e-02
1.587805006695112292e-02
2.800396239331730611e-02
1.694716585775060333e-02
2.983912499881508779e-02
3.641318300975247835e-02
6.282299360622795037e-02
3.110665457116885274e-02
2.800396239331730264e-02
2.768684739001789005e-02
2.746332032078317373e-02
1.524900766986398391e-02
2.403254828317903657e-02
2.746332032078316332e-02
2.800396239331729917e-02
1.440063363285509421e-02
1.391982428320872982e-02
1.459442277718558771e-02
2.403254828317902270e-02
1.419268043787912277e-02
2.431703418961532123e-02
2.918574513137816087e-02
3.110665457116886315e-02
1.572879589865662509e-02
1.440063363285509247e-02
1.467323108596356972e-02
1.524900766986399085e-02
8.759127548981922654e-03
1.419268043787912451e-02
1.672642410396001089e-02
2.768684739001791087e-02
1.467323108596356972e-02
1.459442277718559638e-02
1.587805006695111945e-02
2.746332032078317373e-02
1.672642410396001783e-02
2.918574513137817475e-02
3.587254093721835985e-02
6.090178127032572913e-02
3.068776662941986866e-02
2.768684739001792475e-02
2.800396239331729570e-02
2.768684739001793169e-02
1.573700718080084035e-02
2.497135954652817541e-02
2.918574513137816781e-02
3.068776662941986519e-02
1.613874952010732264e-02
1.573700718080084382e-02
1.694716585775061027e-02
2.800396239331730958e-02
1.694716585775060680e-02
2.918574513137817475e-02
3.575885765283962070e-02
6.039129247263132910e-02
3.110665457116886662e-02
2.861469379691386136e-02
2.983912499881508779e-02
3.110665457116886315e-02
1.827634924440587477e-02
2.983912499881509819e-02
3.587254093721836679e-02
6.090178127032569444e-02
3.284004423821705598e-02
3.284004423821704904e-02
3.641318300975249223e-02
6.282299360622782547e-02
3.890514378400746626e-02
6.799670623030407146e-02
8.472154165386532043e-02
8.472154165386504288e-02
6.799670623030408534e-02
3.890514378400746626e-02
6.282299360622781159e-02
3.641318300975247835e-02
3.284004423821701435e-02
3.284004423821712537e-02
6.090178127032567362e-02
3.587254093721838066e-02
2.983912499881510860e-02
1.827634924440592681e-02
3.110665457116882152e-02
2.983912499881513636e-02
2.861469379691382320e-02
3.110665457116887009e-02
6.039129247263128747e-02
3.575885765283962764e-02
2.918574513137816434e-02
1.694716585775065190e-02
2.800396239331725753e-02
1.694716585775065537e-02
1.573700718080085076e-02
1.613874952010737815e-02
3.068776662941984437e-02
2.918574513137818516e-02
2.497135954652814765e-02
1.573700718080087851e-02
2.768684739001788658e-02
2.800396239331730611e-02
2.768684739001788658e-02
3.068776662941986519e-02
6.090178127032568056e-02
3.587254093721835291e-02
2.918574513137814699e-02
1.672642410396004559e-02
2.746332032078312516e-02
1.587805006695112639e-02
1.459442277718563108e-02
1.467323108596362696e-02
2.768684739001790740e-02
1.672642410396005946e-02
1.419268043787915920e-02
8.759127548981955613e-03
1.524900766986397524e-02
1.467323108596362002e-02
1.440063363285504563e-02
1.572879589865662509e-02
3.110665457116886315e-02
2.918574513137817475e-02
2.431703418961529695e-02
1.419268043787915920e-02
2.403254828317901229e-02
1.459442277718564496e-02
1.391982428320868645e-02
1.440063363285506298e-02
2.800396239331729223e-02
2.746332032078318067e-02
2.403254828317902617e-02
1.524900766986398738e-02
2.746332032078316679e-02
2.768684739001792822e-02
2.800396239331729917e-02
3.110665457116887009e-02
6.282299360622782547e-02
3.641318300975249223e-02
2.983912499881509472e-02
1.694716585775064496e-02
2.800396239331726447e-02
1.587805006695112292e-02
1.467323108596360094e-02
1.459442277718565190e-02
2.768684739001790740e-02
1.587805006695113333e-02
1.353064668234837259e-02
8.246187969594561198e-03
1.440063363285508380e-02
1.353064668234837606e-02
1.333049672120182640e-02
1.440063363285509594e-02
2.861469379691385442e-02
1.694716585775064496e-02
1.419268043787915920e-02
8.189229135887906089e-03
1.391982428320871941e-02
8.246187969594562933e-03
7.891801716472265568e-03
8.057989347580930828e-03
1.573700718080084035e-02
1.459442277718564669e-02
1.285070849240920257e-02
8.057989347580932563e-03
1.459442277718559118e-02
1.440063363285509594e-02
1.467323108596356972e-02
1.613874952010732264e-02
3.284004423821704211e-02
2.983912499881511901e-02
2.497135954652814419e-02
1.419268043787916614e-02
2.403254828317900882e-02
1.353064668234837779e-02
1.285070849240919910e-02
1.285070849240920604e-02
2.497135954652816500e-02
1.467323108596362176e-02
1.285070849240920084e-02
7.891801716472269038e-03
1.419268043787911757e-02
1.333049672120183680e-02
1.353064668234832922e-02
1.467323108596356798e-02
2.983912499881508779e-02
2.800396239331730264e-02
2.403254828317902617e-02
1.391982428320872461e-02
2.431703418961529348e-02
1.440063363285509594e-02
1.419268043787911930e-02
1.459442277718559812e-02
2.918574513137816087e-02
2.768684739001792822e-02
2.497135954652816847e-02
1.573700718080084729e-02
2.918574513137815740e-02
2.861469379691386483e-02
2.983912499881508779e-02
3.284004423821704904e-02
6.799670623030408534e-02
3.890514378400748013e-02
3.284004423821706986e-02
1.827634924440592334e-02
3.110665457116881458e-02
1.694716585775064843e-02
1.613874952010735733e-02
1.573700718080088892e-02
3.068776662941984437e-02
1.672642410396005599e-02
1.467323108596361135e-02
8.759127548981962552e-03
1.572879589865660774e-02
1.419268043787916614e-02
1.440063363285504737e-02
1.524900766986398912e-02
3.110665457116886315e-02
1.694716585775064496e-02
1.459442277718563975e-02
8.246187969594557729e-03
1.440063363285508206e-02
8.189229135887911293e-03
8.057989347580923889e-03
8.057989347580929093e-03
1.613874952010731570e-02
1.419268043787916961e-02
1.285070849240919910e-02
7.891801716472270772e-03
1.467323108596356625e-02
1.391982428320873502e-02
1.459442277718559465e-02
1.573700718080085076e-02
3.284004423821704211e-02
1.827634924440593375e-02
1.573700718080087158e-02
8.759127548981950409e-03
1.524900766986397697e-02
8.246187969594562933e-03
8.057989347580925624e-03
7.891801716472270772e-03
1.573700718080084382e-02
8.759127548981955613e-03
7.891801716472263833e-03
4.742259635485379134e-03
8.759127548981913980e-03
7.891801716472270772e-03
8.246187969594510891e-03
8.759127548981919184e-03
1.827634924440586436e-02
1.573700718080087158e-02
1.391982428320869339e-02
7.891801716472270772e-03
1.419268043787911757e-02
8.057989347580930828e-03
8.189229135887852312e-03
8.246187969594517830e-03
1.694716585775061027e-02
1.524900766986398912e-02
1.419268043787911930e-02
8.759127548981910510e-03
1.672642410396002477e-02
1.573700718080084035e-02
1.694716585775061721e-02
1.827634924440587824e-02
3.890514378400746626e-02
3.284004423821709762e-02
2.861469379691383708e-02
1.573700718080087504e-02
2.768684739001788658e-02
1.459442277718564669e-02
1.440063363285504910e-02
1.391982428320869859e-02
2.800396239331729917e-02
1.467323108596361829e-02
1.333049672120183507e-02
7.891801716472270772e-03
1.467323108596356451e-02
1.285070849240920604e-02
1.353064668234833096e-02
1.419268043787912624e-02
2.983912499881508779e-02
1.613874952010737121e-02
1.440063363285505778e-02
8.057989347580934297e-03
1.459442277718558945e-02
8.057989347580927358e-03
8.246187969594514361e-03
8.189229135887855782e-03
1.694716585775061027e-02
1.440063363285505778e-02
1.353064668234833096e-02
8.246187969594514361e-03
1.587805006695111945e-02
1.459442277718559638e-02
1.587805006695112292e-02
1.694716585775061721e-02
3.641318300975247835e-02
3.110665457116885274e-02
2.768684739001788658e-02
1.524900766986398565e-02
2.746332032078315985e-02
1.440063363285509594e-02
1.459442277718558945e-02
1.419268043787912451e-02
2.918574513137816434e-02
1.572879589865661815e-02
1.467323108596356625e-02
8.759127548981917449e-03
1.672642410396001783e-02
1.467323108596357319e-02
1.587805006695112639e-02
1.672642410396002824e-02
3.587254093721835291e-02
3.068776662941985825e-02
2.800396239331729917e-02
1.573700718080084035e-02
2.918574513137816434e-02
1.613874952010732264e-02
1.694716585775061027e-02
1.694716585775061721e-02
3.575885765283962070e-02
3.110665457116886315e-02
2.983912499881509126e-02
1.827634924440587824e-02
3.587254093721835985e-02
3.284004423821704904e-02
3.641318300975248529e-02
3.890514378400746626e-02
8.472154165386532043e-02
6.799670623030414085e-02
6.282299360622792261e-02
3.284004423821707680e-02
6.090178127032565975e-02
2.983912499881511901e-02
3.110665457116883192e-02
2.861469379691385789e-02
6.039129247263128747e-02
2.918574513137817822e-02
2.800396239331728876e-02
1.573700718080087851e-02
3.068776662941983743e-02
2.497135954652815459e-02
2.768684739001788658e-02
2.768684739001790046e-02
6.090178127032568056e-02
2.918574513137817475e-02
2.746332032078315985e-02
1.459442277718564322e-02
2.768684739001790393e-02
1.419268043787916614e-02
1.524900766986398565e-02
1.440063363285506645e-02
3.110665457116884580e-02
2.431703418961531082e-02
2.403254828317902617e-02
1.391982428320869165e-02
2.800396239331729570e-02
2.403254828317902964e-02
2.746332032078317373e-02
2.800396239331729917e-02
6.282299360622783935e-02
2.983912499881511554e-02
2.800396239331728182e-02
1.467323108596361829e-02
2.768684739001790740e-02
1.353064668234837779e-02
1.440063363285508553e-02
1.333049672120183507e-02
2.861469379691385095e-02
1.419268043787916614e-02
1.391982428320872808e-02
7.891801716472267303e-03
1.573700718080084035e-02
1.285070849240920257e-02
1.459442277718559118e-02
1.467323108596357492e-02
3.284004423821704211e-02
2.497135954652816153e-02
2.403254828317902270e-02
1.285070849240919910e-02
2.497135954652816500e-02
1.285070849240920431e-02
1.419268043787912104e-02
1.353064668234833789e-02
2.983912499881509126e-02
2.403254828317902617e-02
2.431703418961531082e-02
1.419268043787912451e-02
2.918574513137816434e-02
2.497135954652817541e-02
2.918574513137816087e-02
2.983912499881508432e-02
6.799670623030407146e-02
3.284004423821709068e-02
3.110665457116884580e-02
1.613874952010735733e-02
3.068776662941983049e-02
1.467323108596361829e-02
1.572879589865661121e-02
1.440063363285506298e-02
3.110665457116885621e-02
1.459442277718564322e-02
1.440063363285509074e-02
8.057989347580929093e-03
1.613874952010730876e-02
1.285070849240920604e-02
1.467323108596356625e-02
1.459442277718559638e-02
3.284004423821704211e-02
1.573700718080087504e-02
1.524900766986398565e-02
8.057989347580927358e-03
1.573700718080084035e-02
7.891801716472269038e-03
8.759127548981920919e-03
8.246187969594512626e-03
1.827634924440587130e-02
1.391982428320869339e-02
1.419268043787912104e-02
8.189229135887850577e-03
1.694716585775061027e-02
1.419268043787912277e-02
1.672642410396001436e-02
1.694716585775062068e-02
3.890514378400744544e-02
2.861469379691384055e-02
2.768684739001788658e-02
1.440063363285505431e-02
2.800396239331728876e-02
1.333049672120183854e-02
1.467323108596356625e-02
1.353064668234833443e-02
2.983912499881508432e-02
1.440063363285505778e-02
1.459442277718559638e-02
8.246187969594512626e-03
1.694716585775061027e-02
1.353064668234832922e-02
1.587805006695111945e-02
1.587805006695112292e-02
3.641318300975247835e-02
2.768684739001789699e-02
2.746332032078316332e-02
1.459442277718559638e-02
2.918574513137816781e-02
1.467323108596357319e-02
1.672642410396002130e-02
1.587805006695112986e-02
3.587254093721835985e-02
2.800396239331730264e-02
2.918574513137816781e-02
1.694716585775061374e-02
3.575885765283963458e-02
2.983912499881509126e-02
3.587254093721835985e-02
3.641318300975248529e-02
8.472154165386532043e-02
6.282299360622793649e-02
6.090178127032570138e-02
3.110665457116884233e-02
6.039129247263128747e-02
2.800396239331729223e-02
3.068776662941985478e-02
2.768684739001790393e-02
6.090178127032567362e-02
2.746332032078317373e-02
2.768684739001792128e-02
1.524900766986398391e-02
3.110665457116884927e-02
2.403254828317903311e-02
2.800396239331729917e-02
2.746332032078317026e-02
6.282299360622782547e-02
2.800396239331729917e-02
2.768684739001792475e-02
1.440063363285508900e-02
2.861469379691385095e-02
1.391982428320872808e-02
1.573700718080084035e-02
1.459442277718559638e-02
3.284004423821704211e-02
2.403254828317902270e-02
2.497135954652817888e-02
1.419268043787912451e-02
2.983912499881509126e-02
2.431703418961531429e-02
2.918574513137816087e-02
2.918574513137816434e-02
6.799670623030408534e-02
3.110665457116883886e-02
3.068776662941985825e-02
1.572879589865662509e-02
3.110665457116884233e-02
1.440063363285509074e-02
1.613874952010731570e-02
1.467323108596356972e-02
3.284004423821704211e-02
1.524900766986398391e-02
1.573700718080083341e-02
8.759127548981922654e-03
1.827634924440586783e-02
1.419268043787912624e-02
1.694716585775060680e-02
1.672642410396003171e-02
3.890514378400746626e-02
2.768684739001788658e-02
2.800396239331729917e-02
1.467323108596357145e-02
2.983912499881508085e-02
1.459442277718559638e-02
1.694716585775061374e-02
1.587805006695112639e-02
3.641318300975247835e-02
2.746332032078317026e-02
2.918574513137816434e-02
1.672642410396002477e-02
3.587254093721835985e-02
2.918574513137817128e-02
3.575885765283961376e-02
3.587254093721836679e-02
8.472154165386534819e-02
6.090178127032571526e-02
6.039129247263130135e-02
3.068776662941985131e-02
6.090178127032566668e-02
2.768684739001791781e-02
3.110665457116885968e-02
2.800396239331730611e-02
6.282299360622779771e-02
2.768684739001792475e-02
2.861469379691386136e-02
1.573700718080085423e-02
3.284004423821704211e-02
2.497135954652817194e-02
2.983912499881508779e-02
2.918574513137816781e-02
6.799670623030409922e-02
3.068776662941985478e-02
3.110665457116886662e-02
1.613874952010732958e-02
3.284004423821704904e-02
1.573700718080084729e-02
1.827634924440587477e-02
1.694716585775061721e-02
3.890514378400745932e-02
2.800396239331730264e-02
2.983912499881508779e-02
1.694716585775061374e-02
3.641318300975248529e-02
2.918574513137816781e-02
3.587254093721835291e-02
3.575885765283962070e-02
8.472154165386533431e-02
6.039129247263130829e-02
6.090178127032569444e-02
3.110665457116885968e-02
6.282299360622782547e-02
2.861469379691386136e-02
3.284004423821704211e-02
2.983912499881508779e-02
6.799670623030408534e-02
3.110665457116885968e-02
3.284004423821703517e-02
1.827634924440586783e-02
3.890514378400746626e-02
2.983912499881509126e-02
3.641318300975248529e-02
3.587254093721835985e-02
8.472154165386536206e-02
6.090178127032570832e-02
6.282299360622783935e-02
3.284004423821706292e-02
6.799670623030408534e-02
3.284004423821706292e-02
3.890514378400745932e-02
3.641318300975249223e-02
8.472154165386536206e-02
6.282299360622785322e-02
6.799670623030405758e-02
3.890514378400745238e-02
8.472154165386536206e-02
6.799670623030404371e-02
8.472154165386533431e-02
8.472154165386536206e-02
2.024577643356693657e-01
