6.226598046198875691e-01
9.581847821223093975e-02
9.581847821223091199e-02
2.968962510265651250e-02
9.581847821223071771e-02
1.514183738658833947e-02
2.968962510265606147e-02
1.177754647749858566e-02
9.581847821223081485e-02
1.480142153872261029e-02
1.514183738658833600e-02
4.907962447138480844e-03
2.968962510265665822e-02
4.907962447138591866e-03
1.177754647749834627e-02
5.853225728469912958e-03
9.581847821223071771e-02
1.477301734126160171e-02
1.480142153872263111e-02
4.667178784897252353e-03
1.514183738658834641e-02
2.436555199422631591e-03
4.907962447138224105e-03
2.208080022786496500e-03
2.968962510265645699e-02
4.667178784897243679e-03
4.907962447138234513e-03
1.867664174920794428e-03
1.177754647749890485e-02
2.208080022786532495e-03
5.853225728470492356e-03
4.384918028174703691e-03
9.581847821223081485e-02
1.476924227963684853e-02
1.477301734126163293e-02
4.638303930397488957e-03
1.480142153872263111e-02
2.365204801081675478e-03
4.667178784897208985e-03
2.008549568980637877e-03
1.514183738658837763e-02
2.365204801081676345e-03
2.436555199422627688e-03
8.760728667803714198e-04
4.907962447138271810e-03
8.951229720659921929e-04
2.208080022786473515e-03
1.592374815512197402e-03
2.968962510265642230e-02
4.638303930397472477e-03
4.667178784897242812e-03
1.639729523653911392e-03
4.907962447138247523e-03
8.760728667803583010e-04
1.867664174920758867e-03
1.351591153271236058e-03
1.177754647749888056e-02
2.008549568980660428e-03
2.208080022786513847e-03
1.351591153271245382e-03
5.853225728470667563e-03
1.592374815512259852e-03
4.384918028174773948e-03
5.853225728485419652e-03
9.581847821223081485e-02
1.477301734126163120e-02
1.476924227963685894e-02
4.638303930397492426e-03
1.477301734126162426e-02
2.358349130267312597e-03
4.638303930397449926e-03
1.980145371519601103e-03
1.480142153872263458e-02
2.305959472696898337e-03
2.365204801081667672e-03
8.284297586036103687e-04
4.667178784897254955e-03
8.306751312959524203e-04
2.008549568980612290e-03
1.351591153270678778e-03
1.514183738658836376e-02
2.358349130267315200e-03
2.365204801081675044e-03
8.093796533179705138e-04
2.436555199422633759e-03
4.240095571464490786e-04
8.760728667803560242e-04
5.847745116311520858e-04
4.907962447138249258e-03
8.306751312959394099e-04
8.951229720659778814e-04
5.323848540607325130e-04
2.208080022786527291e-03
6.037014572845040986e-04
1.592374815512238818e-03
2.208080022792329507e-03
2.968962510265646740e-02
4.638303930397480283e-03
4.638303930397486355e-03
1.607550264568107347e-03
4.667178784897246281e-03
8.093796533179711643e-04
1.639729523653909657e-03
1.081932636529946232e-03
4.907962447138260534e-03
8.284297586035971415e-04
8.760728667803635052e-04
5.134241132902107180e-04
1.867664174920782502e-03
5.323848540607302362e-04
1.351591153271247117e-03
2.008549568986480859e-03
1.177754647749886842e-02
1.980145371519621920e-03
2.008549568980654790e-03
1.081932636529946449e-03
2.208080022786523388e-03
5.847745116311597836e-04
1.351591153271244298e-03
1.980145371525477045e-03
5.853225728470645879e-03
1.351591153270719110e-03
1.592374815512257033e-03
2.008549568986483028e-03
4.384918028174844204e-03
2.208080022792351625e-03
5.853225728485423988e-03
1.177754647754130843e-02
9.581847821223081485e-02
1.480142153872263458e-02
1.477301734126163467e-02
4.667178784897250618e-03
1.476924227963685200e-02
2.365204801081672442e-03
4.638303930397450793e-03
2.008549568980639178e-03
1.477301734126163467e-02
2.305959472696893567e-03
2.358349130267304791e-03
8.306751312959507940e-04
4.638303930397496763e-03
8.284297586036036467e-04
1.980145371519580720e-03
1.351591153270682681e-03
1.480142153872261376e-02
2.305959472696889230e-03
2.305959472696889664e-03
7.830320231191778167e-04
2.365204801081675912e-03
4.075985044807669579e-04
8.284297586035909615e-04
5.323848540606316822e-04
4.667178784897248016e-03
7.830320231191812861e-04
8.306751312959353983e-04
4.731057305586558112e-04
2.008549568980669536e-03
5.323848540606345011e-04
1.351591153270708702e-03
1.867664174925439801e-03
1.514183738658838284e-02
2.365204801081673743e-03
2.358349130267316934e-03
8.093796533179721401e-04
2.365204801081673310e-03
4.061549125033930927e-04
8.093796533179681285e-04
5.134241132900975273e-04
2.436555199422634193e-03
4.075985044807668494e-04
4.240095571464424650e-04
2.373815625302010189e-04
8.760728667803659988e-04
2.420362039938022357e-04
5.847745116311601089e-04
8.760728667828415576e-04
4.907962447138252728e-03
8.284297586035972499e-04
8.306751312959389762e-04
4.541787849053006542e-04
8.951229720659817845e-04
2.420362039938005823e-04
5.323848540607222131e-04
8.284297586060962275e-04
2.208080022786532495e-03
5.323848540606321159e-04
6.037014572845040986e-04
8.306751312984374117e-04
1.592374815512258334e-03
8.951229720684723053e-04
2.208080022792345120e-03
4.907962447156346761e-03
2.968962510265646046e-02
4.667178784897246281e-03
4.638303930397481151e-03
1.639729523653910958e-03
4.638303930397482885e-03
8.093796533179712727e-04
1.607550264568097373e-03
1.081932636529943197e-03
4.667178784897251485e-03
7.830320231191845387e-04
8.093796533179697548e-04
4.541787849052995158e-04
1.639729523653911175e-03
4.541787849053043405e-04
1.081932636529941028e-03
1.639729523658551126e-03
4.907962447138248391e-03
8.306751312959376752e-04
8.284297586035930215e-04
4.541787849052942032e-04
8.760728667803652399e-04
2.373815625301882795e-04
5.134241132901922865e-04
8.093796533204568062e-04
1.867664174920775130e-03
4.731057305586621538e-04
5.323848540607309951e-04
7.830320231216631333e-04
1.351591153271258392e-03
8.306751312984395801e-04
2.008549568986480426e-03
4.667178784914806887e-03
1.177754647749889270e-02
2.008549568980659127e-03
1.980145371519622787e-03
1.081932636529949268e-03
2.008549568980658694e-03
5.134241132900967683e-04
1.081932636529948184e-03
1.607550264572774621e-03
2.208080022786534664e-03
5.323848540606353685e-04
5.847745116311598920e-04
8.093796533204558304e-04
1.351591153271254489e-03
8.284297586060933001e-04
1.980145371525475310e-03
4.638303930415039154e-03
5.853225728470679706e-03
1.351591153270719544e-03
1.351591153270719978e-03
1.639729523658553945e-03
1.592374815512264839e-03
8.760728667828473039e-04
2.008549568986483461e-03
4.638303930415040889e-03
4.384918028174877164e-03
1.867664174925454980e-03
2.208080022792349890e-03
4.667178784914807754e-03
5.853225728485473428e-03
4.907962447156352832e-03
1.177754647754133098e-02
2.968962510277228448e-02
9.581847821223078709e-02
1.514183738658837590e-02
1.480142153872263978e-02
4.907962447138257064e-03
1.477301734126161385e-02
2.436555199422633326e-03
4.667178784897208985e-03
2.208080022786493464e-03
1.476924227963686068e-02
2.365204801081676345e-03
2.365204801081670707e-03
8.951229720659947950e-04
4.638303930397496763e-03
8.760728667803655651e-04
2.008549568980625300e-03
1.592374815512207593e-03
1.477301734126162946e-02
2.358349130267318669e-03
2.305959472696893567e-03
8.306751312959374583e-04
2.358349130267316934e-03
4.240095571464429529e-04
8.306751312959356152e-04
6.037014572844994365e-04
4.638303930397484620e-03
8.093796533179693211e-04
8.284297586035916120e-04
5.323848540607296941e-04
1.980145371519626690e-03
5.847745116311627109e-04
1.351591153270702630e-03
2.208080022792332543e-03
1.480142153872263111e-02
2.365204801081674611e-03
2.305959472696893567e-03
8.284297586035954068e-04
2.305959472696893567e-03
4.075985044807680421e-04
7.830320231191787925e-04
5.323848540606305980e-04
2.365204801081675912e-03
4.061549125033818170e-04
4.075985044807692889e-04
2.420362039938027236e-04
8.284297586035895521e-04
2.420362039937995523e-04
5.323848540606264780e-04
8.951229720684757748e-04
4.667178784897246281e-03
8.093796533179693211e-04
7.830320231191833461e-04
4.541787849053040694e-04
8.306751312959380004e-04
2.373815625301936463e-04
4.731057305586564617e-04
8.306751312984319907e-04
2.008549568980660428e-03
5.134241132900951420e-04
5.323848540606310317e-04
8.284297586060886381e-04
1.351591153270720411e-03
8.760728667828466534e-04
1.867664174925444355e-03
4.907962447156351965e-03
1.514183738658837590e-02
2.436555199422629422e-03
2.365204801081678080e-03
8.760728667803617704e-04
2.358349130267318669e-03
4.240095571464440913e-04
8.093796533179699717e-04
5.847745116311559889e-04
2.365204801081673743e-03
4.075985044807657110e-04
4.061549125033817628e-04
2.420362039938070875e-04
8.093796533179686706e-04
2.373815625301825332e-04
5.134241132900937326e-04
8.760728667828402566e-04
2.436555199422635494e-03
4.240095571464405676e-04
4.075985044807729210e-04
2.373815625301824790e-04
4.240095571464415976e-04
1.215895949213371599e-04
2.373815625301856774e-04
4.240095571477683900e-04
8.760728667803600357e-04
2.373815625301809611e-04
2.420362039938026965e-04
4.075985044820945092e-04
5.847745116311617352e-04
4.240095571477658963e-04
8.760728667828422082e-04
2.436555199431769680e-03
4.907962447138256197e-03
8.760728667803628546e-04
8.284297586035944310e-04
5.134241132902065980e-04
8.306751312959389762e-04
2.373815625301908274e-04
4.541787849053030394e-04
8.093796533204527946e-04
8.951229720659796161e-04
2.420362039938032928e-04
2.420362039938116141e-04
4.061549125047069831e-04
5.323848540607286099e-04
4.075985044820915819e-04
8.284297586060916738e-04
2.365204801090708183e-03
2.208080022786518184e-03
5.847745116311590247e-04
5.323848540606309233e-04
8.093796533204569146e-04
6.037014572845036649e-04
4.240095571477656253e-04
8.306751312984335086e-04
2.358349130276347905e-03
1.592374815512257033e-03
8.760728667828465450e-04
8.951229720684764253e-04
2.365204801090704280e-03
2.208080022792348156e-03
2.436555199431769680e-03
4.907962447156350230e-03
1.514183738664787518e-02
2.968962510265645699e-02
4.907962447138246656e-03
4.667178784897248883e-03
1.867664174920773829e-03
4.638303930397481151e-03
8.760728667803598189e-04
1.639729523653904886e-03
1.351591153271240395e-03
4.638303930397484620e-03
8.284297586035924794e-04
8.093796533179706222e-04
5.323848540607348983e-04
1.607550264568107347e-03
5.134241132901956476e-04
1.081932636529932571e-03
2.008549568986483895e-03
4.667178784897247149e-03
8.306751312959365910e-04
7.830320231191794430e-04
4.731057305586612864e-04
8.093796533179722485e-04
2.373815625301893637e-04
4.541787849052993532e-04
8.306751312984342675e-04
1.639729523653912693e-03
4.541787849053032021e-04
4.541787849053020095e-04
7.830320231216718069e-04
1.081932636529945799e-03
8.093796533204540957e-04
1.639729523658548741e-03
4.667178784914809489e-03
4.907962447138252728e-03
8.951229720659804835e-04
8.306751312959417951e-04
5.323848540607339225e-04
8.284297586035852153e-04
2.420362039938036994e-04
4.541787849052983232e-04
8.284297586060922159e-04
8.760728667803655651e-04
2.420362039938109906e-04
2.373815625301959231e-04
4.075985044820929371e-04
5.134241132901960812e-04
4.061549125046993937e-04
8.093796533204527946e-04
2.365204801090707316e-03
1.867664174920784237e-03
5.323848540607318625e-04
4.731057305586671953e-04
7.830320231216728911e-04
5.323848540607305614e-04
4.075985044820886545e-04
7.830320231216687712e-04
2.305959472705835633e-03
1.351591153271252755e-03
8.284297586060924328e-04
8.306751312984367612e-04
2.305959472705832597e-03
2.008549568986489533e-03
2.365204801090706015e-03
4.667178784914813826e-03
1.480142153878098027e-02
1.177754647749882852e-02
2.208080022786513413e-03
2.008549568980656091e-03
1.351591153271256875e-03
1.980145371519618450e-03
5.847745116311615183e-04
1.081932636529941245e-03
1.980145371525486152e-03
2.008549568980660862e-03
5.323848540606369948e-04
5.134241132900957925e-04
8.284297586060893970e-04
1.081932636529944931e-03
8.093796533204543125e-04
1.607550264572776789e-03
4.638303930415040889e-03
2.208080022786515582e-03
6.037014572845012797e-04
5.323848540606345011e-04
8.306751312984377369e-04
5.847745116311627109e-04
4.240095571477639448e-04
8.093796533204484578e-04
2.358349130276344002e-03
1.351591153271250803e-03
8.306751312984340507e-04
8.284297586060853855e-04
2.305959472705839536e-03
1.980145371525490056e-03
2.358349130276344435e-03
4.638303930415041756e-03
1.477301734131992485e-02
5.853225728470624195e-03
1.592374815512261586e-03
1.351591153270716291e-03
2.008549568986490400e-03
1.351591153270718893e-03
8.760728667828463281e-04
1.639729523658552427e-03
4.638303930415044359e-03
1.592374815512260502e-03
8.951229720684796779e-04
8.760728667828461113e-04
2.365204801090708617e-03
2.008549568986484762e-03
2.365204801090708617e-03
4.638303930415040022e-03
1.476924227969518902e-02
4.384918028174803438e-03
2.208080022792351192e-03
1.867664174925451077e-03
4.667178784914816428e-03
2.208080022792351625e-03
2.436555199431767078e-03
4.667178784914809489e-03
1.477301734131993352e-02
5.853225728485427458e-03
4.907962447156356302e-03
4.907962447156359771e-03
1.480142153878098374e-02
1.177754647754136047e-02
1.514183738664788038e-02
2.968962510277233999e-02
9.581847821261159359e-02
9.581847821223078709e-02
2.968962510265643964e-02
1.514183738658837070e-02
1.177754647749885801e-02
1.480142153872261376e-02
4.907962447138233646e-03
4.907962447138206757e-03
5.853225728470488887e-03
1.477301734126163467e-02
4.667178784897250618e-03
2.436555199422622484e-03
2.208080022786529893e-03
4.667178784897263628e-03
1.867664174920809607e-03
2.208080022786463106e-03
4.384918028174658589e-03
1.476924227963685200e-02
4.638303930397463803e-03
2.365204801081670707e-03
2.008549568980658694e-03
2.365204801081673743e-03
8.760728667803586263e-04
8.951229720659818929e-04
1.592374815512236867e-03
4.638303930397483753e-03
1.639729523653905971e-03
8.760728667803578673e-04
1.351591153271238660e-03
2.008549568980670403e-03
1.351591153271242563e-03
1.592374815512242504e-03
5.853225728485391029e-03
1.477301734126163293e-02
4.638303930397486355e-03
2.358349130267317802e-03
1.980145371519621052e-03
2.305959472696889230e-03
8.284297586035919373e-04
8.306751312959297605e-04
1.351591153270701763e-03
2.358349130267317368e-03
8.093796533179730074e-04
4.240095571464414892e-04
5.847745116311633615e-04
8.306751312959407109e-04
5.323848540607289351e-04
6.037014572845003039e-04
2.208080022792328640e-03
4.638303930397482018e-03
1.607550264568103010e-03
8.093796533179707306e-04
1.081932636529944281e-03
8.284297586035933468e-04
5.134241132902006349e-04
5.323848540607267667e-04
2.008549568986469150e-03
1.980145371519623654e-03
1.081932636529947533e-03
5.847745116311646625e-04
1.980145371525480081e-03
1.351591153270724315e-03
2.008549568986474788e-03
2.208080022792337747e-03
1.177754647754127894e-02
1.480142153872263285e-02
4.667178784897237608e-03
2.365204801081672876e-03
2.008549568980665632e-03
2.305959472696887929e-03
8.306751312959386509e-04
8.284297586035833721e-04
1.351591153270698510e-03
2.305959472696892266e-03
7.830320231191708778e-04
4.075985044807498275e-04
5.323848540606351517e-04
7.830320231191726125e-04
4.731057305586747305e-04
5.323848540606268033e-04
1.867664174925428308e-03
2.365204801081669840e-03
8.093796533179701885e-04
4.061549125034124999e-04
5.134241132900979609e-04
4.075985044807529174e-04
2.373815625301899871e-04
2.420362039938133759e-04
8.760728667828431840e-04
8.284297586035899857e-04
4.541787849053045573e-04
2.420362039938111533e-04
8.284297586060887465e-04
5.323848540606340675e-04
8.306751312984351349e-04
8.951229720684747990e-04
4.907962447156345893e-03
4.667178784897241944e-03
1.639729523653912042e-03
8.093796533179724653e-04
1.081932636529950352e-03
7.830320231191718536e-04
4.541787849053087857e-04
4.541787849053073220e-04
1.639729523658569558e-03
8.306751312959408193e-04
4.541787849053026058e-04
2.373815625301919929e-04
8.093796533204576735e-04
4.731057305586806937e-04
7.830320231216584713e-04
8.306751312984362191e-04
4.667178784914810356e-03
2.008549568980663464e-03
1.081932636529951437e-03
5.134241132900982862e-04
1.607550264572782644e-03
5.323848540606273454e-04
8.093796533204534452e-04
8.284297586060897223e-04
4.638303930415046093e-03
1.351591153270724531e-03
1.639729523658568907e-03
8.760728667828461113e-04
4.638303930415050430e-03
1.867664174925452811e-03
4.667178784914812958e-03
4.907962447156345893e-03
2.968962510277234346e-02
1.514183738658837243e-02
4.907962447138241452e-03
2.436555199422631591e-03
2.208080022786516883e-03
2.365204801081675912e-03
8.951229720659801582e-04
8.760728667803504947e-04
1.592374815512244890e-03
2.358349130267317802e-03
8.306751312959395183e-04
4.240095571464396460e-04
6.037014572845049660e-04
8.093796533179737664e-04
5.323848540607350067e-04
5.847745116311575068e-04
2.208080022792333844e-03
2.365204801081675478e-03
8.284297586035887931e-04
4.075985044807590432e-04
5.323848540606290801e-04
4.061549125034232877e-04
2.420362039938245703e-04
2.420362039938153546e-04
8.951229720684739316e-04
8.093796533179722485e-04
4.541787849053057500e-04
2.373815625301925350e-04
8.306751312984341591e-04
5.134241132901028399e-04
8.284297586060865781e-04
8.760728667828445934e-04
4.907962447156350230e-03
2.436555199422633759e-03
8.760728667803576505e-04
4.240095571464338456e-04
5.847745116311663972e-04
4.075985044807577421e-04
2.420362039938160322e-04
2.373815625301958960e-04
8.760728667828448103e-04
4.240095571464450128e-04
2.373815625301987963e-04
1.215895949213318745e-04
4.240095571477675769e-04
2.373815625301904208e-04
4.075985044820846430e-04
4.240095571477556506e-04
2.436555199431767946e-03
8.760728667803556989e-04
5.134241132901910939e-04
2.373815625301942968e-04
8.093796533204546378e-04
2.420362039938184987e-04
4.061549125046976048e-04
4.075985044820797641e-04
2.365204801090699943e-03
5.847745116311632530e-04
8.093796533204555051e-04
4.240095571477573311e-04
2.358349130276346604e-03
8.760728667828489302e-04
2.365204801090700810e-03
2.436555199431767512e-03
1.514183738664786824e-02
4.907962447138239717e-03
1.867664174920774696e-03
8.760728667803587347e-04
1.351591153271256441e-03
8.284297586035864079e-04
5.323848540607346814e-04
5.134241132901899013e-04
2.008549568986479992e-03
8.306751312959370246e-04
4.731057305586751100e-04
2.373815625301945137e-04
8.306751312984347012e-04
4.541787849053085689e-04
7.830320231216671449e-04
8.093796533204546378e-04
4.667178784914813826e-03
8.951229720659786403e-04
5.323848540607270920e-04
2.420362039938177398e-04
8.284297586060886381e-04
2.420362039938353852e-04
4.075985044820761862e-04
4.061549125046698492e-04
2.365204801090699509e-03
5.323848540607353319e-04
7.830320231216664944e-04
4.075985044820790593e-04
2.305959472705807443e-03
8.284297586060909149e-04
2.305959472705819153e-03
2.365204801090697775e-03
1.480142153878095945e-02
2.208080022786519919e-03
1.351591153271249285e-03
5.847745116311679151e-04
1.980145371525490489e-03
5.323848540606305980e-04
8.284297586060893970e-04
8.093796533204545294e-04
4.638303930415044359e-03
6.037014572845063754e-04
8.306751312984371948e-04
4.240095571477580901e-04
2.358349130276348338e-03
8.306751312984376285e-04
2.305959472705817418e-03
2.358349130276344869e-03
1.477301734131992311e-02
1.592374815512254864e-03
2.008549568986479558e-03
8.760728667828463281e-04
4.638303930415046093e-03
8.951229720684718717e-04
2.365204801090703846e-03
2.365204801090696907e-03
1.476924227969515259e-02
2.208080022792352926e-03
4.667178784914817295e-03
2.436555199431762742e-03
1.477301734131992658e-02
4.907962447156354567e-03
1.480142153878097160e-02
1.514183738664786998e-02
9.581847821261138543e-02
2.968962510265645005e-02
1.177754647749883199e-02
4.907962447138247523e-03
5.853225728470597307e-03
4.667178784897238475e-03
2.208080022786509510e-03
1.867664174920767974e-03
4.384918028174697620e-03
4.638303930397482018e-03
2.008549568980659995e-03
8.760728667803586263e-04
1.592374815512255081e-03
1.639729523653914211e-03
1.351591153271242129e-03
1.351591153271230203e-03
5.853225728485419652e-03
4.638303930397482018e-03
1.980145371519621920e-03
8.284297586035868416e-04
1.351591153270708702e-03
8.093796533179731158e-04
5.847745116311555552e-04
5.323848540607463908e-04
2.208080022792331242e-03
1.607550264568106914e-03
1.081932636529944064e-03
5.134241132902005265e-04
2.008549568986472186e-03
1.081932636529945365e-03
1.980145371525473576e-03
2.008549568986472186e-03
1.177754647754124424e-02
4.667178784897247149e-03
2.008549568980659127e-03
8.306751312959388678e-04
1.351591153270710654e-03
7.830320231191791177e-04
5.323848540606326580e-04
4.731057305586653522e-04
1.867664174925439584e-03
8.093796533179739832e-04
5.134241132900917810e-04
2.373815625301890656e-04
8.760728667828450271e-04
4.541787849053117131e-04
8.284297586060886381e-04
8.306751312984393633e-04
4.907962447156351965e-03
1.639729523653912259e-03
1.081932636529947967e-03
4.541787849053169172e-04
1.639729523658562836e-03
4.541787849053101410e-04
8.093796533204561557e-04
7.830320231216666028e-04
4.667178784914800815e-03
1.081932636529951870e-03
1.607550264572776789e-03
8.093796533204540957e-04
4.638303930415052165e-03
1.639729523658565221e-03
4.638303930415055634e-03
4.667178784914801683e-03
2.968962510277237468e-02
4.907962447138239717e-03
2.208080022786508643e-03
8.951229720659895908e-04
1.592374815512258984e-03
8.306751312959417951e-04
6.037014572845017133e-04
5.323848540607495350e-04
2.208080022792344686e-03
8.284297586035869500e-04
5.323848540606268033e-04
2.420362039938198540e-04
8.951229720684779432e-04
4.541787849053152367e-04
8.306751312984288465e-04
8.284297586060833255e-04
4.907962447156351965e-03
8.760728667803618789e-04
5.847745116311533868e-04
2.420362039938136469e-04
8.760728667828414492e-04
2.373815625301911798e-04
4.240095571477568433e-04
4.075985044820872993e-04
2.436555199431764910e-03
5.134241132902011770e-04
8.093796533204551799e-04
4.061549125047000442e-04
2.365204801090703413e-03
8.093796533204522525e-04
2.358349130276350507e-03
2.365204801090702979e-03
1.514183738664787171e-02
1.867664174920776431e-03
1.351591153271243214e-03
5.323848540607497518e-04
2.008549568986495604e-03
4.731057305586676290e-04
8.306751312984283044e-04
7.830320231216699638e-04
4.667178784914812091e-03
5.323848540607495350e-04
8.284297586060805066e-04
4.075985044820917987e-04
2.365204801090709050e-03
7.830320231216686628e-04
2.305959472705814816e-03
2.305959472705812214e-03
1.480142153878095945e-02
1.351591153271239961e-03
1.980145371525466637e-03
8.284297586060801813e-04
4.638303930415049563e-03
8.306751312984366527e-04
2.358349130276343134e-03
2.305959472705802239e-03
1.477301734131992311e-02
2.008549568986484329e-03
4.638303930415050430e-03
2.365204801090704280e-03
1.476924227969515085e-02
4.667178784914813826e-03
1.477301734131994046e-02
1.480142153878096119e-02
9.581847821261148257e-02
1.177754647749889791e-02
5.853225728470585164e-03
2.208080022786516449e-03
4.384918028174760937e-03
2.008549568980664331e-03
1.592374815512256816e-03
1.351591153271246900e-03
5.853225728485404039e-03
1.980145371519629292e-03
1.351591153270718243e-03
5.847745116311558805e-04
2.208080022792342952e-03
1.081932636529947533e-03
2.008549568986486931e-03
1.980145371525467938e-03
1.177754647754131710e-02
2.008549568980663898e-03
1.351591153270712171e-03
5.323848540606289717e-04
1.867664174925445439e-03
5.134241132900975273e-04
8.760728667828434008e-04
8.284297586060810487e-04
4.907962447156350230e-03
1.081932636529947533e-03
1.639729523658561535e-03
8.093796533204493252e-04
4.667178784914817295e-03
1.607550264572767899e-03
4.638303930415055634e-03
4.638303930415049563e-03
2.968962510277238509e-02
2.208080022786512980e-03
1.592374815512254214e-03
6.037014572845022554e-04
2.208080022792346421e-03
5.323848540606297306e-04
8.951229720684821716e-04
8.306751312984310149e-04
4.907962447156357169e-03
5.847745116311584826e-04
8.760728667828479544e-04
4.240095571477546206e-04
2.436555199431770548e-03
8.093796533204571314e-04
2.365204801090715122e-03
2.358349130276339231e-03
1.514183738664788038e-02
1.351591153271243864e-03
2.008549568986487798e-03
8.306751312984338338e-04
4.667178784914822499e-03
8.284297586060858191e-04
2.365204801090715122e-03
2.305959472705807443e-03
1.480142153878096292e-02
1.980145371525470106e-03
4.638303930415060838e-03
2.358349130276347905e-03
1.477301734131995260e-02
4.638303930415057369e-03
1.476924227969515953e-02
1.477301734131994566e-02
9.581847821261148257e-02
5.853225728470483682e-03
4.384918028174753998e-03
1.592374815512251178e-03
5.853225728485433529e-03
1.351591153270709569e-03
2.208080022792342952e-03
2.008549568986487798e-03
1.177754647754132404e-02
1.351591153270709569e-03
1.867664174925448258e-03
8.760728667828436176e-04
4.907962447156358904e-03
1.639729523658560234e-03
4.667178784914820765e-03
4.638303930415061706e-03
2.968962510277237815e-02
1.592374815512245974e-03
2.208080022792335579e-03
8.951229720684766421e-04
4.907962447156358904e-03
8.760728667828482797e-04
2.436555199431768813e-03
2.365204801090708617e-03
1.514183738664787518e-02
2.008549568986481727e-03
4.667178784914814693e-03
2.365204801090705147e-03
1.480142153878096639e-02
4.638303930415054767e-03
1.477301734131994046e-02
1.476924227969515085e-02
9.581847821261151033e-02
4.384918028174764407e-03
5.853225728485381488e-03
2.208080022792346855e-03
1.177754647754132404e-02
1.867664174925440885e-03
4.907962447156356302e-03
4.667178784914813826e-03
2.968962510277238509e-02
2.208080022792343819e-03
4.907962447156352832e-03
2.436555199431766645e-03
1.514183738664787518e-02
4.667178784914811224e-03
1.480142153878097160e-02
1.477301734131993699e-02
9.581847821261149645e-02
5.853225728485380620e-03
1.177754647754130669e-02
4.907962447156351965e-03
2.968962510277238509e-02
4.907962447156351098e-03
1.514183738664787345e-02
1.480142153878095945e-02
9.581847821261151033e-02
1.177754647754130669e-02
2.968962510277238509e-02
1.514183738664787518e-02
9.581847821261151033e-02
2.968962510277238509e-02
9.581847821261153808e-02
9.581847821261151033e-02
6.226598046223709160e-01
