2.811207367550306313e-01
9.880809455463218649e-02
9.880809455463279711e-02
7.061150393892762223e-02
9.880809455463163138e-02
3.845480650221505536e-02
7.061150393892615118e-02
6.106168226267080779e-02
9.880809455463185342e-02
3.584281438512726403e-02
3.845480650221502761e-02
2.959899018490355638e-02
7.061150393892715038e-02
2.959899018490350087e-02
6.106168226267034982e-02
5.723781045715575777e-02
9.880809455463213098e-02
3.527715547288080150e-02
3.584281438512749302e-02
2.649644323232055315e-02
3.845480650221502067e-02
1.552477805147263294e-02
2.959899018490340025e-02
2.683007820833223367e-02
7.061150393892731691e-02
2.649644323232050458e-02
2.959899018490352168e-02
2.421808609124455683e-02
6.106168226267050247e-02
2.683007820833219897e-02
5.723781045715565369e-02
5.617708530882085938e-02
9.880809455463218649e-02
3.515692828545858434e-02
3.527715547288088477e-02
2.581300787771412600e-02
3.584281438512735424e-02
1.427014879691988758e-02
2.649644323232038662e-02
2.363670889723806443e-02
3.845480650221505536e-02
1.427014879691988931e-02
1.552477805147264162e-02
1.244246786027195482e-02
2.959899018490349393e-02
1.284987401544461505e-02
2.683007820833216775e-02
2.612532102653162408e-02
7.061150393892738630e-02
2.581300787771410171e-02
2.649644323232053580e-02
2.045905786790377240e-02
2.959899018490352168e-02
1.244246786027193748e-02
2.421808609124450826e-02
2.302277407394860351e-02
6.106168226267056492e-02
2.363670889723804361e-02
2.683007820833220938e-02
2.302277407394860351e-02
5.723781045715572308e-02
2.612532102653161367e-02
5.617708530882083162e-02
5.723781045715586879e-02
9.880809455463215873e-02
3.527715547288080844e-02
3.515692828545868148e-02
2.581300787771412600e-02
3.527715547288073905e-02
1.406032146068058458e-02
2.581300787771396293e-02
2.307104998499143883e-02
3.584281438512740975e-02
1.329239165736928810e-02
1.427014879691989452e-02
1.139671875411437003e-02
2.649644323232048029e-02
1.147673797960370792e-02
2.363670889723799157e-02
2.302277407394863820e-02
3.845480650221509006e-02
1.406032146068060366e-02
1.427014879691990493e-02
1.098931259894168379e-02
1.552477805147263815e-02
6.505026426449361625e-03
1.244246786027191666e-02
1.181489651787538502e-02
2.959899018490352862e-02
1.147673797960371486e-02
1.284987401544461852e-02
1.104696671456407812e-02
2.683007820833220244e-02
1.230039769293193343e-02
2.612532102653160326e-02
2.683007820833224061e-02
7.061150393892737243e-02
2.581300787771410865e-02
2.581300787771410865e-02
1.977317176823494699e-02
2.649644323232049417e-02
1.098931259894166991e-02
2.045905786790372383e-02
1.923679176675919741e-02
2.959899018490353209e-02
1.139671875411435616e-02
1.244246786027194442e-02
1.056026726332263965e-02
2.421808609124452560e-02
1.104696671456407639e-02
2.302277407394857575e-02
2.363670889723807136e-02
6.106168226267056492e-02
2.307104998499143883e-02
2.363670889723804708e-02
1.923679176675920088e-02
2.683007820833220591e-02
1.181489651787538675e-02
2.302277407394858269e-02
2.307104998499146312e-02
5.723781045715573695e-02
2.302277407394865902e-02
2.612532102653162408e-02
2.363670889723808524e-02
5.617708530882085938e-02
2.683007820833224755e-02
5.723781045715584798e-02
6.106168226267075227e-02
9.880809455463218649e-02
3.584281438512742363e-02
3.527715547288088477e-02
2.649644323232055315e-02
3.515692828545854964e-02
1.427014879691988411e-02
2.581300787771395946e-02
2.363670889723806443e-02
3.527715547288078762e-02
1.329239165736928290e-02
1.406032146068060366e-02
1.147673797960372007e-02
2.581300787771404620e-02
1.139671875411435616e-02
2.307104998499137985e-02
2.302277407394863126e-02
3.584281438512743057e-02
1.329239165736928636e-02
1.329239165736929504e-02
1.043098887344613007e-02
1.427014879691988931e-02
6.072234344015462956e-03
1.139671875411432840e-02
1.104696671456406772e-02
2.649644323232050111e-02
1.043098887344611793e-02
1.147673797960370445e-02
1.006801129882856256e-02
2.363670889723801585e-02
1.104696671456406598e-02
2.302277407394861738e-02
2.421808609124463316e-02
3.845480650221511781e-02
1.427014879691991187e-02
1.406032146068060713e-02
1.098931259894169420e-02
1.427014879691988238e-02
6.016228626938166513e-03
1.098931259894165950e-02
1.056026726332263098e-02
1.552477805147265029e-02
6.072234344015473365e-03
6.505026426449359023e-03
5.636921376045275246e-03
1.244246786027193921e-02
5.790261211551731534e-03
1.181489651787537461e-02
1.244246786027193401e-02
2.959899018490354250e-02
1.139671875411436310e-02
1.147673797960371313e-02
9.582510123772022825e-03
1.284987401544461852e-02
5.790261211551736738e-03
1.104696671456406772e-02
1.139671875411433881e-02
2.683007820833220591e-02
1.104696671456406425e-02
1.230039769293193343e-02
1.147673797960370098e-02
2.612532102653161367e-02
1.284987401544460291e-02
2.683007820833224061e-02
2.959899018490359454e-02
7.061150393892737243e-02
2.649644323232053233e-02
2.581300787771410865e-02
2.045905786790377240e-02
2.581300787771406702e-02
1.098931259894167164e-02
1.977317176823489842e-02
1.923679176675919741e-02
2.649644323232051152e-02
1.043098887344612313e-02
1.098931259894168379e-02
9.582510123772021091e-03
2.045905786790374464e-02
9.582510123772015886e-03
1.923679176675917313e-02
2.045905786790386607e-02
2.959899018490353903e-02
1.147673797960372007e-02
1.139671875411435963e-02
9.582510123772021091e-03
1.244246786027194442e-02
5.636921376045276114e-03
1.056026726332263271e-02
1.098931259894166818e-02
2.421808609124452907e-02
1.006801129882856083e-02
1.104696671456407639e-02
1.043098887344610926e-02
2.302277407394858269e-02
1.147673797960368364e-02
2.363670889723807136e-02
2.649644323232061907e-02
6.106168226267059962e-02
2.363670889723805402e-02
2.307104998499144577e-02
1.923679176675919394e-02
2.363670889723804014e-02
1.056026726332262924e-02
1.923679176675918007e-02
1.977317176823503719e-02
2.683007820833221285e-02
1.104696671456406425e-02
1.181489651787539195e-02
1.098931259894167685e-02
2.302277407394859310e-02
1.139671875411433707e-02
2.307104998499145965e-02
2.581300787771421273e-02
5.723781045715574389e-02
2.302277407394865555e-02
2.302277407394864167e-02
2.045905786790386954e-02
2.612532102653162408e-02
1.244246786027193574e-02
2.363670889723807830e-02
2.581300787771420580e-02
5.617708530882087326e-02
2.421808609124464357e-02
2.683007820833223367e-02
2.649644323232062254e-02
5.723781045715584798e-02
2.959899018490359801e-02
6.106168226267073840e-02
7.061150393892771937e-02
9.880809455463218649e-02
3.845480650221508312e-02
3.584281438512749995e-02
2.959899018490357026e-02
3.527715547288073905e-02
1.552477805147263121e-02
2.649644323232039009e-02
2.683007820833224061e-02
3.515692828545860515e-02
1.427014879691989105e-02
1.427014879691989799e-02
1.284987401544462372e-02
2.581300787771405314e-02
1.244246786027194962e-02
2.363670889723799504e-02
2.612532102653162408e-02
3.527715547288079456e-02
1.406032146068060193e-02
1.329239165736929851e-02
1.147673797960372701e-02
1.406032146068058111e-02
6.505026426449361625e-03
1.147673797960369058e-02
1.230039769293194037e-02
2.581300787771408090e-02
1.098931259894167338e-02
1.139671875411434922e-02
1.104696671456407986e-02
2.307104998499141454e-02
1.181489651787538328e-02
2.302277407394862779e-02
2.683007820833224755e-02
3.584281438512742363e-02
1.427014879691989972e-02
1.329239165736930198e-02
1.139671875411436483e-02
1.329239165736927075e-02
6.072234344015462089e-03
1.043098887344610058e-02
1.104696671456407639e-02
1.427014879691989278e-02
6.016228626938169982e-03
6.072234344015471630e-03
5.790261211551739340e-03
1.139671875411434401e-02
5.790261211551732401e-03
1.104696671456405037e-02
1.284987401544460291e-02
2.649644323232051499e-02
1.098931259894167858e-02
1.043098887344612313e-02
9.582510123772019356e-03
1.147673797960370792e-02
5.636921376045270909e-03
1.006801129882855216e-02
1.147673797960368884e-02
2.363670889723803667e-02
1.056026726332262924e-02
1.104696671456405904e-02
1.139671875411433534e-02
2.302277407394864167e-02
1.244246786027193748e-02
2.421808609124462969e-02
2.959899018490361189e-02
3.845480650221509006e-02
1.552477805147265549e-02
1.427014879691991360e-02
1.244246786027195309e-02
1.406032146068057591e-02
6.505026426449355553e-03
1.098931259894165256e-02
1.181489651787539369e-02
1.427014879691989278e-02
6.072234344015469028e-03
6.016228626938172584e-03
5.790261211551743677e-03
1.098931259894166991e-02
5.636921376045264838e-03
1.056026726332261537e-02
1.244246786027193748e-02
1.552477805147265376e-02
6.505026426449370298e-03
6.072234344015470763e-03
5.636921376045276114e-03
6.505026426449360757e-03
3.223268694636892764e-03
5.636921376045270909e-03
6.505026426449372033e-03
1.244246786027194615e-02
5.636921376045269175e-03
5.790261211551735870e-03
6.072234344015486375e-03
1.181489651787538675e-02
6.505026426449366829e-03
1.244246786027193574e-02
1.552477805147266764e-02
2.959899018490353556e-02
1.244246786027195656e-02
1.139671875411435963e-02
1.056026726332264139e-02
1.147673797960370792e-02
5.636921376045268307e-03
9.582510123772010682e-03
1.098931259894166991e-02
1.284987401544461852e-02
5.790261211551735870e-03
5.790261211551732401e-03
6.016228626938184727e-03
1.104696671456407812e-02
6.072234344015479436e-03
1.139671875411433014e-02
1.427014879691990666e-02
2.683007820833221632e-02
1.181489651787539369e-02
1.104696671456406945e-02
1.098931259894167338e-02
1.230039769293192996e-02
6.505026426449365962e-03
1.147673797960368364e-02
1.406032146068061234e-02
2.612532102653163102e-02
1.244246786027193574e-02
1.284987401544460638e-02
1.427014879691990840e-02
2.683007820833224755e-02
1.552477805147267111e-02
2.959899018490359454e-02
3.845480650221529823e-02
7.061150393892738630e-02
2.959899018490353903e-02
2.649644323232052887e-02
2.421808609124454989e-02
2.581300787771406702e-02
1.244246786027194789e-02
2.045905786790372730e-02
2.302277407394859657e-02
2.581300787771408436e-02
1.139671875411435963e-02
1.098931259894168032e-02
1.104696671456408159e-02
1.977317176823491229e-02
1.056026726332263618e-02
1.923679176675917660e-02
2.363670889723806789e-02
2.649644323232051499e-02
1.147673797960372007e-02
1.043098887344611793e-02
1.006801129882856777e-02
1.098931259894166818e-02
5.636921376045269175e-03
9.582510123772012417e-03
1.147673797960369058e-02
2.045905786790375852e-02
9.582510123772017621e-03
9.582510123772015886e-03
1.043098887344611446e-02
1.923679176675918354e-02
1.098931259894166991e-02
2.045905786790385220e-02
2.649644323232063295e-02
2.959899018490354944e-02
1.284987401544462893e-02
1.147673797960371139e-02
1.104696671456407986e-02
1.139671875411435095e-02
5.790261211551734136e-03
9.582510123772010682e-03
1.139671875411434228e-02
1.244246786027193748e-02
5.790261211551732401e-03
5.636921376045270909e-03
6.072234344015483773e-03
1.056026726332263445e-02
6.016228626938183860e-03
1.098931259894166818e-02
1.427014879691990666e-02
2.421808609124454295e-02
1.104696671456408333e-02
1.006801129882855909e-02
1.043098887344611446e-02
1.104696671456407639e-02
6.072234344015479436e-03
1.043098887344610579e-02
1.329239165736928636e-02
2.302277407394858963e-02
1.139671875411434228e-02
1.147673797960369751e-02
1.329239165736929330e-02
2.363670889723807136e-02
1.427014879691991013e-02
2.649644323232062948e-02
3.584281438512769424e-02
6.106168226267057880e-02
2.683007820833221285e-02
2.363670889723805402e-02
2.302277407394860004e-02
2.307104998499143189e-02
1.181489651787539195e-02
1.923679176675918007e-02
2.307104998499147006e-02
2.363670889723805749e-02
1.104696671456406772e-02
1.056026726332263271e-02
1.139671875411433881e-02
1.923679176675920088e-02
1.098931259894167164e-02
1.977317176823502679e-02
2.581300787771420926e-02
2.683007820833220938e-02
1.230039769293193863e-02
1.104696671456406425e-02
1.147673797960368711e-02
1.181489651787538502e-02
6.505026426449376370e-03
1.098931259894166644e-02
1.406032146068061234e-02
2.302277407394860004e-02
1.147673797960369058e-02
1.139671875411433534e-02
1.329239165736928810e-02
2.307104998499147006e-02
1.406032146068061060e-02
2.581300787771420926e-02
3.527715547288108600e-02
5.723781045715575083e-02
2.612532102653163449e-02
2.302277407394864167e-02
2.363670889723807830e-02
2.302277407394865208e-02
1.244246786027193574e-02
2.045905786790386260e-02
2.581300787771420926e-02
2.612532102653162755e-02
1.284987401544460985e-02
1.244246786027193748e-02
1.427014879691991360e-02
2.363670889723807136e-02
1.427014879691991013e-02
2.581300787771421273e-02
3.515692828545886189e-02
5.617708530882085938e-02
2.683007820833225796e-02
2.421808609124464357e-02
2.649644323232063295e-02
2.683007820833224755e-02
1.552477805147267458e-02
2.649644323232062601e-02
3.527715547288109293e-02
5.723781045715587573e-02
2.959899018490361189e-02
2.959899018490360842e-02
3.584281438512768730e-02
6.106168226267075921e-02
3.845480650221527741e-02
7.061150393892771937e-02
9.880809455463283875e-02
9.880809455463215873e-02
7.061150393892738630e-02
3.845480650221517332e-02
6.106168226267064125e-02
3.584281438512736118e-02
2.959899018490351821e-02
2.959899018490341066e-02
5.723781045715576471e-02
3.527715547288079456e-02
2.649644323232051499e-02
1.552477805147263988e-02
2.683007820833222326e-02
2.649644323232048029e-02
2.421808609124453254e-02
2.683007820833215734e-02
5.617708530882085938e-02
3.515692828545862597e-02
2.581300787771409130e-02
1.427014879691990319e-02
2.363670889723806096e-02
1.427014879691988931e-02
1.244246786027194789e-02
1.284987401544459944e-02
2.612532102653163102e-02
2.581300787771407396e-02
2.045905786790375852e-02
1.244246786027194268e-02
2.302277407394858963e-02
2.363670889723801238e-02
2.302277407394858616e-02
2.612532102653160326e-02
5.723781045715588267e-02
3.527715547288078762e-02
2.581300787771409824e-02
1.406032146068060713e-02
2.307104998499145271e-02
1.329239165736927422e-02
1.139671875411435269e-02
1.147673797960368884e-02
2.302277407394863473e-02
1.406032146068059326e-02
1.098931259894168205e-02
6.505026426449365094e-03
1.181489651787539195e-02
1.147673797960370098e-02
1.104696671456407292e-02
1.230039769293192475e-02
2.683007820833224755e-02
2.581300787771408090e-02
1.977317176823494005e-02
1.098931259894168552e-02
1.923679176675920088e-02
1.139671875411435442e-02
1.056026726332264312e-02
1.104696671456407465e-02
2.363670889723807830e-02
2.307104998499143536e-02
1.923679176675919394e-02
1.181489651787538502e-02
2.307104998499147006e-02
2.302277407394863126e-02
2.363670889723807136e-02
2.683007820833223714e-02
6.106168226267077309e-02
3.584281438512742363e-02
2.649644323232052193e-02
1.427014879691991013e-02
2.363670889723805749e-02
1.329239165736927249e-02
1.147673797960371139e-02
1.139671875411434054e-02
2.302277407394864861e-02
1.329239165736928636e-02
1.043098887344612140e-02
6.072234344015477701e-03
1.104696671456406251e-02
1.043098887344611446e-02
1.006801129882855736e-02
1.104696671456405210e-02
2.421808609124463663e-02
1.427014879691990146e-02
1.098931259894168032e-02
6.016228626938176054e-03
1.056026726332263098e-02
6.072234344015464691e-03
5.636921376045273512e-03
5.790261211551731534e-03
1.244246786027193574e-02
1.139671875411435963e-02
9.582510123772012417e-03
5.790261211551739340e-03
1.139671875411433707e-02
1.104696671456406078e-02
1.147673797960368884e-02
1.284987401544460638e-02
2.959899018490360495e-02
2.649644323232051152e-02
2.045905786790376546e-02
1.098931259894168552e-02
1.923679176675919741e-02
1.043098887344611619e-02
9.582510123772015886e-03
9.582510123772010682e-03
2.045905786790385220e-02
1.147673797960370272e-02
9.582510123772015886e-03
5.636921376045265705e-03
1.098931259894167511e-02
1.006801129882855389e-02
1.043098887344610752e-02
1.147673797960369058e-02
2.649644323232062948e-02
2.363670889723805055e-02
1.923679176675919741e-02
1.056026726332262751e-02
1.977317176823503719e-02
1.104696671456406078e-02
1.098931259894167338e-02
1.139671875411433534e-02
2.581300787771421273e-02
2.302277407394863473e-02
2.045905786790386954e-02
1.244246786027193748e-02
2.581300787771420926e-02
2.421808609124464010e-02
2.649644323232062948e-02
2.959899018490360495e-02
7.061150393892769161e-02
3.845480650221510394e-02
2.959899018490354944e-02
1.552477805147265896e-02
2.683007820833223367e-02
1.427014879691988064e-02
1.284987401544461852e-02
1.244246786027192360e-02
2.612532102653162061e-02
1.406032146068059326e-02
1.147673797960370792e-02
6.505026426449363360e-03
1.230039769293193863e-02
1.098931259894167164e-02
1.104696671456407292e-02
1.181489651787537981e-02
2.683007820833225102e-02
1.427014879691989799e-02
1.139671875411436310e-02
6.072234344015474232e-03
1.104696671456406078e-02
6.016228626938172584e-03
5.790261211551731534e-03
5.790261211551731534e-03
1.284987401544460638e-02
1.098931259894168552e-02
9.582510123772017621e-03
5.636921376045270042e-03
1.147673797960369925e-02
1.056026726332262057e-02
1.139671875411433707e-02
1.244246786027193574e-02
2.959899018490360148e-02
1.552477805147265549e-02
1.244246786027194789e-02
6.505026426449366829e-03
1.181489651787539195e-02
6.072234344015472497e-03
5.790261211551734136e-03
5.636921376045264838e-03
1.244246786027194268e-02
6.505026426449366829e-03
5.636921376045270042e-03
3.223268694636894933e-03
6.505026426449372901e-03
5.636921376045271777e-03
6.072234344015479436e-03
6.505026426449370298e-03
1.552477805147267631e-02
1.244246786027194268e-02
1.056026726332263792e-02
5.636921376045271777e-03
1.098931259894167858e-02
5.790261211551736738e-03
6.016228626938188197e-03
6.072234344015482038e-03
1.427014879691991360e-02
1.181489651787538848e-02
1.098931259894167685e-02
6.505026426449372033e-03
1.406032146068060887e-02
1.244246786027193748e-02
1.427014879691991360e-02
1.552477805147266417e-02
3.845480650221531210e-02
2.959899018490355291e-02
2.421808609124455336e-02
1.244246786027195135e-02
2.302277407394860004e-02
1.139671875411435616e-02
1.104696671456407465e-02
1.056026726332262577e-02
2.363670889723806789e-02
1.147673797960371660e-02
1.006801129882856083e-02
5.636921376045275246e-03
1.147673797960369231e-02
9.582510123772014152e-03
1.043098887344610752e-02
1.098931259894166818e-02
2.649644323232063295e-02
1.284987401544462372e-02
1.104696671456408680e-02
5.790261211551741942e-03
1.139671875411433881e-02
5.790261211551734136e-03
6.072234344015483773e-03
6.016228626938186462e-03
1.427014879691991187e-02
1.104696671456407292e-02
1.043098887344611446e-02
6.072234344015488977e-03
1.329239165736929157e-02
1.139671875411433534e-02
1.329239165736928983e-02
1.427014879691991013e-02
3.584281438512769424e-02
2.683007820833220938e-02
2.302277407394860004e-02
1.181489651787539022e-02
2.307104998499146312e-02
1.104696671456406078e-02
1.139671875411434228e-02
1.098931259894167338e-02
2.581300787771420926e-02
1.230039769293193690e-02
1.147673797960369751e-02
6.505026426449375503e-03
1.406032146068060540e-02
1.147673797960369405e-02
1.329239165736929330e-02
1.406032146068060540e-02
3.527715547288109987e-02
2.612532102653162755e-02
2.363670889723808177e-02
1.244246786027193574e-02
2.581300787771421620e-02
1.284987401544460291e-02
1.427014879691990840e-02
1.427014879691991013e-02
3.515692828545886189e-02
2.683007820833224755e-02
2.649644323232063642e-02
1.552477805147267458e-02
3.527715547288109987e-02
2.959899018490361189e-02
3.584281438512769424e-02
3.845480650221529823e-02
9.880809455463282487e-02
7.061150393892738630e-02
6.106168226267058574e-02
2.959899018490355985e-02
5.723781045715573002e-02
2.649644323232050458e-02
2.683007820833221285e-02
2.421808609124451520e-02
5.617708530882088019e-02
2.581300787771408436e-02
2.363670889723804708e-02
1.244246786027194615e-02
2.612532102653162755e-02
2.045905786790374464e-02
2.302277407394859657e-02
2.302277407394857922e-02
5.723781045715588267e-02
2.581300787771409477e-02
2.307104998499143883e-02
1.139671875411436136e-02
2.302277407394866249e-02
1.098931259894167338e-02
1.181489651787538848e-02
1.104696671456406425e-02
2.683007820833225796e-02
1.977317176823492617e-02
1.923679176675919741e-02
1.056026726332262751e-02
2.363670889723807830e-02
1.923679176675918354e-02
2.307104998499147006e-02
2.363670889723806789e-02
6.106168226267080779e-02
2.649644323232051846e-02
2.363670889723804361e-02
1.147673797960371139e-02
2.302277407394864514e-02
1.043098887344611966e-02
1.104696671456406772e-02
1.006801129882855562e-02
2.421808609124464010e-02
1.098931259894168032e-02
1.056026726332262577e-02
5.636921376045269175e-03
1.244246786027193401e-02
9.582510123772014152e-03
1.139671875411433881e-02
1.147673797960369231e-02
2.959899018490360495e-02
2.045905786790375505e-02
1.923679176675920088e-02
9.582510123772022825e-03
2.045905786790387648e-02
9.582510123772014152e-03
1.098931259894167164e-02
1.043098887344610579e-02
2.649644323232062948e-02
1.923679176675919741e-02
1.977317176823504413e-02
1.098931259894167338e-02
2.581300787771421620e-02
2.045905786790385913e-02
2.581300787771420926e-02
2.649644323232062948e-02
7.061150393892769161e-02
2.959899018490354944e-02
2.683007820833221632e-02
1.284987401544463066e-02
2.612532102653162408e-02
1.147673797960371139e-02
1.230039769293194037e-02
1.104696671456407465e-02
2.683007820833225796e-02
1.139671875411436136e-02
1.104696671456406772e-02
5.790261211551734136e-03
1.284987401544461158e-02
9.582510123772014152e-03
1.147673797960368711e-02
1.139671875411433881e-02
2.959899018490359801e-02
1.244246786027195135e-02
1.181489651787539195e-02
5.790261211551732401e-03
1.244246786027194442e-02
5.636921376045268307e-03
6.505026426449372033e-03
6.072234344015473365e-03
1.552477805147267111e-02
1.056026726332263965e-02
1.098931259894166991e-02
6.016228626938181258e-03
1.427014879691991533e-02
1.098931259894166991e-02
1.406032146068061234e-02
1.427014879691991360e-02
3.845480650221530516e-02
2.421808609124454642e-02
2.302277407394860698e-02
1.104696671456407465e-02
2.363670889723807830e-02
1.006801129882855909e-02
1.147673797960368711e-02
1.043098887344611099e-02
2.649644323232062601e-02
1.104696671456406945e-02
1.139671875411433534e-02
6.072234344015482038e-03
1.427014879691990840e-02
1.043098887344610405e-02
1.329239165736928810e-02
1.329239165736928290e-02
3.584281438512768730e-02
2.302277407394859310e-02
2.307104998499147006e-02
1.139671875411434401e-02
2.581300787771420926e-02
1.147673797960368711e-02
1.406032146068061407e-02
1.329239165736927769e-02
3.527715547288106518e-02
2.363670889723808524e-02
2.581300787771420580e-02
1.427014879691991360e-02
3.515692828545887577e-02
2.649644323232062601e-02
3.527715547288105824e-02
3.584281438512770118e-02
9.880809455463282487e-02
6.106168226267057186e-02
5.723781045715573695e-02
2.683007820833221632e-02
5.617708530882085938e-02
2.363670889723804014e-02
2.612532102653162408e-02
2.302277407394857922e-02
5.723781045715585492e-02
2.307104998499143536e-02
2.302277407394864167e-02
1.181489651787539022e-02
2.683007820833224755e-02
1.923679176675919048e-02
2.363670889723807830e-02
2.307104998499146659e-02
6.106168226267081472e-02
2.363670889723805402e-02
2.302277407394864861e-02
1.104696671456406078e-02
2.421808609124465397e-02
1.056026726332262404e-02
1.244246786027193748e-02
1.139671875411433360e-02
2.959899018490360842e-02
1.923679176675919048e-02
2.045905786790385913e-02
1.098931259894167164e-02
2.649644323232062948e-02
1.977317176823503719e-02
2.581300787771421273e-02
2.581300787771420233e-02
7.061150393892769161e-02
2.683007820833221979e-02
2.612532102653161367e-02
1.230039769293193690e-02
2.683007820833224408e-02
1.104696671456405557e-02
1.284987401544460638e-02
1.147673797960369231e-02
2.959899018490361189e-02
1.181489651787537981e-02
1.244246786027193227e-02
6.505026426449372901e-03
1.552477805147266590e-02
1.098931259894167511e-02
1.427014879691991013e-02
1.406032146068060540e-02
3.845480650221529823e-02
2.302277407394859310e-02
2.363670889723807483e-02
1.147673797960369925e-02
2.649644323232063295e-02
1.139671875411433534e-02
1.427014879691991013e-02
1.329239165736928290e-02
3.584281438512769424e-02
2.307104998499146659e-02
2.581300787771421273e-02
1.406032146068061060e-02
3.527715547288111375e-02
2.581300787771420580e-02
3.515692828545886189e-02
3.527715547288109987e-02
9.880809455463282487e-02
5.723781045715574389e-02
5.617708530882084550e-02
2.612532102653162408e-02
5.723781045715585492e-02
2.302277407394864514e-02
2.683007820833225449e-02
2.363670889723807830e-02
6.106168226267080779e-02
2.302277407394865208e-02
2.421808609124464703e-02
1.244246786027194442e-02
2.959899018490361536e-02
2.045905786790386607e-02
2.649644323232062254e-02
2.581300787771420926e-02
7.061150393892773325e-02
2.612532102653163449e-02
2.683007820833225102e-02
1.284987401544460638e-02
2.959899018490360842e-02
1.244246786027193401e-02
1.552477805147266417e-02
1.427014879691990666e-02
3.845480650221527741e-02
2.363670889723808177e-02
2.649644323232063642e-02
1.427014879691991707e-02
3.584281438512770812e-02
2.581300787771420580e-02
3.527715547288107212e-02
3.515692828545886189e-02
9.880809455463282487e-02
5.617708530882086632e-02
5.723781045715586185e-02
2.683007820833224408e-02
6.106168226267078003e-02
2.421808609124463316e-02
2.959899018490360495e-02
2.649644323232062948e-02
7.061150393892771937e-02
2.683007820833224755e-02
2.959899018490360842e-02
1.552477805147267631e-02
3.845480650221530516e-02
2.649644323232063642e-02
3.584281438512769424e-02
3.527715547288110681e-02
9.880809455463282487e-02
5.723781045715587573e-02
6.106168226267077309e-02
2.959899018490362230e-02
7.061150393892774713e-02
2.959899018490360495e-02
3.845480650221528435e-02
3.584281438512770812e-02
9.880809455463283875e-02
6.106168226267078697e-02
7.061150393892771937e-02
3.845480650221531210e-02
9.880809455463282487e-02
7.061150393892769161e-02
9.880809455463283875e-02
9.880809455463279711e-02
2.811207367550326297e-01
