1.122009808345665188e-01
6.323203423244475041e-02
6.323203423244438959e-02
5.791825360371366527e-02
6.323203423244466714e-02
3.768423674405074753e-02
5.791825360371355425e-02
5.668712568757183767e-02
6.323203423244477817e-02
3.607482485179538956e-02
3.768423674405022017e-02
3.512613986611273775e-02
5.791825360371332526e-02
3.512613986611275163e-02
5.668712568757178910e-02
5.633406731626530717e-02
6.323203423244462551e-02
3.577198735936525792e-02
3.607482485179524384e-02
3.321733720143833779e-02
3.768423674405029650e-02
2.258877547115144963e-02
3.512613986611272388e-02
3.456956536992979862e-02
5.791825360371326975e-02
3.321733720143832391e-02
3.512613986611266836e-02
3.296015347767475290e-02
5.668712568757173359e-02
3.456956536992977780e-02
5.633406731626527247e-02
5.625420263709143137e-02
6.323203423244463939e-02
3.571521344488177985e-02
3.577198735936519547e-02
3.285779931155623917e-02
3.607482485179526466e-02
2.156060060979824236e-02
3.321733720143831697e-02
3.260509834061613155e-02
3.768423674405028262e-02
2.156060060979822154e-02
2.258877547115141146e-02
2.112780306107832351e-02
3.512613986611268224e-02
2.136965955320382568e-02
3.456956536992977086e-02
3.445683043609437668e-02
5.791825360371324199e-02
3.285779931155618366e-02
3.321733720143829616e-02
3.069284895593103746e-02
3.512613986611266836e-02
2.112780306107831657e-02
3.296015347767475290e-02
3.254802777141999753e-02
5.668712568757171277e-02
3.260509834061607604e-02
3.456956536992977086e-02
3.254802777141999753e-02
5.633406731626524472e-02
3.445683043609435586e-02
5.625420263709140362e-02
5.633406731626523084e-02
6.323203423244465327e-02
3.577198735936525792e-02
3.571521344488174515e-02
3.285779931155624611e-02
3.577198735936523016e-02
2.140817168729836767e-02
3.285779931155623917e-02
3.230226084818611787e-02
3.607482485179523690e-02
2.066525879441338809e-02
2.156060060979820767e-02
2.018995462861869830e-02
3.321733720143831003e-02
2.023306957095902248e-02
3.260509834061610379e-02
3.254802777141998366e-02
3.768423674405025486e-02
2.140817168729834685e-02
2.156060060979820420e-02
1.994809813649319960e-02
2.258877547115141146e-02
1.360210457746783078e-02
2.112780306107831310e-02
2.089274054307011311e-02
3.512613986611266836e-02
2.023306957095901207e-02
2.136965955320380833e-02
2.014982765018512659e-02
3.456956536992976392e-02
2.117764924360283907e-02
3.445683043609434199e-02
3.456956536992975698e-02
5.791825360371322812e-02
3.285779931155619060e-02
3.285779931155618366e-02
3.033323754901754918e-02
3.321733720143831003e-02
1.994809813649319266e-02
3.069284895593102358e-02
3.027968721686352671e-02
3.512613986611266836e-02
2.018995462861869136e-02
2.112780306107830269e-02
1.986456568171690237e-02
3.296015347767471126e-02
2.014982765018512659e-02
3.254802777141999059e-02
3.260509834061605522e-02
5.668712568757173359e-02
3.230226084818605542e-02
3.260509834061608991e-02
3.027968721686350936e-02
3.456956536992976392e-02
2.089274054307009576e-02
3.254802777141999059e-02
3.230226084818604154e-02
5.633406731626523084e-02
3.254802777141998366e-02
3.445683043609433505e-02
3.260509834061605522e-02
5.625420263709138280e-02
3.456956536992975004e-02
5.633406731626521696e-02
5.668712568757165032e-02
6.323203423244465327e-02
3.607482485179527160e-02
3.577198735936520935e-02
3.321733720143836555e-02
3.571521344488176597e-02
2.156060060979824583e-02
3.285779931155623224e-02
3.260509834061614542e-02
3.577198735936523016e-02
2.066525879441338462e-02
2.140817168729832604e-02
2.023306957095903288e-02
3.285779931155619754e-02
2.018995462861870177e-02
3.230226084818608318e-02
3.254802777141999753e-02
3.607482485179522996e-02
2.066525879441337421e-02
2.066525879441336727e-02
1.929522113849940768e-02
2.156060060979820767e-02
1.309464860948297317e-02
2.018995462861869136e-02
2.014982765018517516e-02
3.321733720143830310e-02
1.929522113849940421e-02
2.023306957095900513e-02
1.925413256686482957e-02
3.260509834061607604e-02
2.014982765018516128e-02
3.254802777141998366e-02
3.296015347767465575e-02
3.768423674405024792e-02
2.156060060979821461e-02
2.140817168729832604e-02
1.994809813649319960e-02
2.156060060979820767e-02
1.306108215333798110e-02
1.994809813649319613e-02
1.986456568171693360e-02
2.258877547115141493e-02
1.309464860948297317e-02
1.360210457746782037e-02
1.290822486682706091e-02
2.112780306107831310e-02
1.303105389957115272e-02
2.089274054307009576e-02
2.112780306107825412e-02
3.512613986611267530e-02
2.018995462861868442e-02
2.023306957095901207e-02
1.896922386633207933e-02
2.136965955320380833e-02
1.303105389957115098e-02
2.014982765018512659e-02
2.018995462861863932e-02
3.456956536992975698e-02
2.014982765018515434e-02
2.117764924360283213e-02
2.023306957095896003e-02
3.445683043609434199e-02
2.136965955320376323e-02
3.456956536992975004e-02
3.512613986611261285e-02
5.791825360371323506e-02
3.321733720143831003e-02
3.285779931155617672e-02
3.069284895593104440e-02
3.285779931155619754e-02
1.994809813649319613e-02
3.033323754901753530e-02
3.027968721686352671e-02
3.321733720143830310e-02
1.929522113849940421e-02
1.994809813649318572e-02
1.896922386633207586e-02
3.069284895593101317e-02
1.896922386633207586e-02
3.027968721686350242e-02
3.069284895593097848e-02
3.512613986611267530e-02
2.023306957095901207e-02
2.018995462861867748e-02
1.896922386633207933e-02
2.112780306107830616e-02
1.290822486682705571e-02
1.986456568171689890e-02
1.994809813649313021e-02
3.296015347767471126e-02
1.925413256686482610e-02
2.014982765018511965e-02
1.929522113849934870e-02
3.254802777141999753e-02
2.023306957095896350e-02
3.260509834061604134e-02
3.321733720143825452e-02
5.668712568757171971e-02
3.260509834061608991e-02
3.230226084818605542e-02
3.027968721686351283e-02
3.260509834061607604e-02
1.986456568171691972e-02
3.027968721686350589e-02
3.033323754901746591e-02
3.456956536992975004e-02
2.014982765018516128e-02
2.089274054307009923e-02
1.994809813649312327e-02
3.254802777141999753e-02
2.018995462861863932e-02
3.230226084818602766e-02
3.285779931155614897e-02
5.633406731626523084e-02
3.254802777141996978e-02
3.254802777141996978e-02
3.069284895593096460e-02
3.445683043609435586e-02
2.112780306107824371e-02
3.260509834061604828e-02
3.285779931155614897e-02
5.625420263709138280e-02
3.296015347767464188e-02
3.456956536992975004e-02
3.321733720143824758e-02
5.633406731626521002e-02
3.512613986611261285e-02
5.668712568757164338e-02
5.791825360371326281e-02
6.323203423244462551e-02
3.768423674405029650e-02
3.607482485179522996e-02
3.512613986611273081e-02
3.577198735936523016e-02
2.258877547115144269e-02
3.321733720143835861e-02
3.456956536992980555e-02
3.571521344488173128e-02
2.156060060979822848e-02
2.156060060979821461e-02
2.136965955320381874e-02
3.285779931155620448e-02
2.112780306107832004e-02
3.260509834061610379e-02
3.445683043609436974e-02
3.577198735936520241e-02
2.140817168729834338e-02
2.066525879441336380e-02
2.023306957095902248e-02
2.140817168729833644e-02
1.360210457746783078e-02
2.023306957095902595e-02
2.117764924360285295e-02
3.285779931155618366e-02
1.994809813649319266e-02
2.018995462861868442e-02
2.014982765018512659e-02
3.230226084818605542e-02
2.089274054307009229e-02
3.254802777141999059e-02
3.456956536992975698e-02
3.607482485179522302e-02
2.156060060979821461e-02
2.066525879441336380e-02
2.018995462861870177e-02
2.066525879441336380e-02
1.309464860948297664e-02
1.929522113849940768e-02
2.014982765018517516e-02
2.156060060979820420e-02
1.306108215333796896e-02
1.309464860948297317e-02
1.303105389957115792e-02
2.018995462861868789e-02
1.303105389957115619e-02
2.014982765018516475e-02
2.136965955320376670e-02
3.321733720143829616e-02
1.994809813649317878e-02
1.929522113849939727e-02
1.896922386633208626e-02
2.023306957095900513e-02
1.290822486682705744e-02
1.925413256686482263e-02
2.023306957095896350e-02
3.260509834061608297e-02
1.986456568171691625e-02
2.014982765018515781e-02
2.018995462861863932e-02
3.254802777141998366e-02
2.112780306107825065e-02
3.296015347767465575e-02
3.512613986611261285e-02
3.768423674405024792e-02
2.258877547115142187e-02
2.156060060979821114e-02
2.112780306107830616e-02
2.140817168729833644e-02
1.360210457746782904e-02
1.994809813649319960e-02
2.089274054307010964e-02
2.156060060979820420e-02
1.309464860948296970e-02
1.306108215333797416e-02
1.303105389957115619e-02
1.994809813649319266e-02
1.290822486682706091e-02
1.986456568171692666e-02
2.112780306107825759e-02
2.258877547115140452e-02
1.360210457746782384e-02
1.309464860948296623e-02
1.290822486682706091e-02
1.360210457746782557e-02
8.699442772634629825e-03
1.290822486682705918e-02
1.360210457746776659e-02
2.112780306107830616e-02
1.290822486682706091e-02
1.303105389957114751e-02
1.309464860948291245e-02
2.089274054307009576e-02
1.360210457746775965e-02
2.112780306107824718e-02
2.258877547115134901e-02
3.512613986611266836e-02
2.112780306107829922e-02
2.018995462861868442e-02
1.986456568171689890e-02
2.023306957095901207e-02
1.290822486682705918e-02
1.896922386633207586e-02
1.994809813649313021e-02
2.136965955320380486e-02
1.303105389957115098e-02
1.303105389957114751e-02
1.306108215333791518e-02
2.014982765018511965e-02
1.309464860948290552e-02
2.018995462861863585e-02
2.156060060979815909e-02
3.456956536992976392e-02
2.089274054307009229e-02
2.014982765018515087e-02
1.994809813649312327e-02
2.117764924360282866e-02
1.360210457746775965e-02
2.023306957095895656e-02
2.140817168729829134e-02
3.445683043609434199e-02
2.112780306107824371e-02
2.136965955320375282e-02
2.156060060979815216e-02
3.456956536992973616e-02
2.258877547115134207e-02
3.512613986611260591e-02
3.768423674405032425e-02
5.791825360371322812e-02
3.512613986611267530e-02
3.321733720143829616e-02
3.296015347767473208e-02
3.285779931155619060e-02
2.112780306107830269e-02
3.069284895593103052e-02
3.254802777142001835e-02
3.285779931155619060e-02
2.018995462861868789e-02
1.994809813649318572e-02
2.014982765018512659e-02
3.033323754901752489e-02
1.986456568171690237e-02
3.027968721686350936e-02
3.260509834061606216e-02
3.321733720143830310e-02
2.023306957095900513e-02
1.929522113849939727e-02
1.925413256686483304e-02
1.994809813649318225e-02
1.290822486682705571e-02
1.896922386633207933e-02
2.023306957095896697e-02
3.069284895593100970e-02
1.896922386633207239e-02
1.896922386633207239e-02
1.929522113849935216e-02
3.027968721686350936e-02
1.994809813649312674e-02
3.069284895593096113e-02
3.321733720143825452e-02
3.512613986611267530e-02
2.136965955320380486e-02
2.023306957095900860e-02
2.014982765018513353e-02
2.018995462861868442e-02
1.303105389957115272e-02
1.896922386633206892e-02
2.018995462861863932e-02
2.112780306107830269e-02
1.303105389957115445e-02
1.290822486682705050e-02
1.309464860948291072e-02
1.986456568171688850e-02
1.306108215333790998e-02
1.994809813649313021e-02
2.156060060979816950e-02
3.296015347767471820e-02
2.014982765018511965e-02
1.925413256686482610e-02
1.929522113849934870e-02
2.014982765018511965e-02
1.309464860948290725e-02
1.929522113849934176e-02
2.066525879441335339e-02
3.254802777141998366e-02
2.018995462861863932e-02
2.023306957095895656e-02
2.066525879441335339e-02
3.260509834061604134e-02
2.156060060979815909e-02
3.321733720143825452e-02
3.607482485179525078e-02
5.668712568757172665e-02
3.456956536992976392e-02
3.260509834061608297e-02
3.254802777141999753e-02
3.230226084818606236e-02
2.089274054307009576e-02
3.027968721686351283e-02
3.230226084818603460e-02
3.260509834061608297e-02
2.014982765018516128e-02
1.986456568171691972e-02
2.018995462861864279e-02
3.027968721686350589e-02
1.994809813649313021e-02
3.033323754901746938e-02
3.285779931155614203e-02
3.456956536992977086e-02
2.117764924360283560e-02
2.014982765018515434e-02
2.023306957095896350e-02
2.089274054307009576e-02
1.360210457746775445e-02
1.994809813649312674e-02
2.140817168729829134e-02
3.254802777141999059e-02
2.023306957095896003e-02
2.018995462861863585e-02
2.066525879441334992e-02
3.230226084818601379e-02
2.140817168729829134e-02
3.285779931155614203e-02
3.577198735936523016e-02
5.633406731626523084e-02
3.445683043609434199e-02
3.254802777141996978e-02
3.260509834061604828e-02
3.254802777141997672e-02
2.112780306107825065e-02
3.069284895593095766e-02
3.285779931155614897e-02
3.445683043609435586e-02
2.136965955320376323e-02
2.112780306107823677e-02
2.156060060979815562e-02
3.260509834061604828e-02
2.156060060979816256e-02
3.285779931155614897e-02
3.571521344488175903e-02
5.625420263709138974e-02
3.456956536992973616e-02
3.296015347767465575e-02
3.321733720143824758e-02
3.456956536992974310e-02
2.258877547115134901e-02
3.321733720143824065e-02
3.577198735936523016e-02
5.633406731626522390e-02
3.512613986611261285e-02
3.512613986611261285e-02
3.607482485179524384e-02
5.668712568757165032e-02
3.768423674405030344e-02
5.791825360371326281e-02
6.323203423244445898e-02
6.323203423244466714e-02
5.791825360371329751e-02
3.768423674405026180e-02
5.668712568757180298e-02
3.607482485179525772e-02
3.512613986611274469e-02
3.512613986611272388e-02
5.633406731626530023e-02
3.577198735936523016e-02
3.321733720143833779e-02
2.258877547115140799e-02
3.456956536992978474e-02
3.321733720143831003e-02
3.296015347767474596e-02
3.456956536992977780e-02
5.625420263709143831e-02
3.571521344488173128e-02
3.285779931155619060e-02
2.156060060979820767e-02
3.260509834061610379e-02
2.156060060979821114e-02
2.112780306107831657e-02
2.136965955320382568e-02
3.445683043609437668e-02
3.285779931155618366e-02
3.069284895593102358e-02
2.112780306107830963e-02
3.254802777142000447e-02
3.260509834061607604e-02
3.254802777141999753e-02
3.445683043609435586e-02
5.633406731626523084e-02
3.577198735936520935e-02
3.285779931155619060e-02
2.140817168729833644e-02
3.230226084818607624e-02
2.066525879441337074e-02
2.018995462861869830e-02
2.023306957095902248e-02
3.254802777142000447e-02
2.140817168729832951e-02
1.994809813649319266e-02
1.360210457746781863e-02
2.089274054307009923e-02
2.023306957095901554e-02
2.014982765018513353e-02
2.117764924360284601e-02
3.456956536992976392e-02
3.285779931155619060e-02
3.033323754901752489e-02
1.994809813649318225e-02
3.027968721686351283e-02
2.018995462861868442e-02
1.986456568171690237e-02
2.014982765018512312e-02
3.260509834061606216e-02
3.230226084818604848e-02
3.027968721686350242e-02
2.089274054307009229e-02
3.230226084818603460e-02
3.254802777141999059e-02
3.260509834061605522e-02
3.456956536992975004e-02
5.668712568757165032e-02
3.607482485179523690e-02
3.321733720143829616e-02
2.156060060979820767e-02
3.260509834061611073e-02
2.066525879441337421e-02
2.023306957095902942e-02
2.018995462861869483e-02
3.254802777141999753e-02
2.066525879441336727e-02
1.929522113849940421e-02
1.309464860948296623e-02
2.014982765018516475e-02
1.929522113849940074e-02
1.925413256686482957e-02
2.014982765018516475e-02
3.296015347767467657e-02
2.156060060979819726e-02
1.994809813649318919e-02
1.306108215333797069e-02
1.986456568171692319e-02
1.309464860948296797e-02
1.290822486682705744e-02
1.303105389957115272e-02
2.112780306107825759e-02
2.018995462861868442e-02
1.896922386633207933e-02
1.303105389957114925e-02
2.018995462861863932e-02
2.014982765018515781e-02
2.023306957095896350e-02
2.136965955320375976e-02
3.512613986611261285e-02
3.321733720143829616e-02
3.069284895593102011e-02
1.994809813649318572e-02
3.027968721686351630e-02
1.929522113849939380e-02
1.896922386633207933e-02
1.896922386633207586e-02
3.069284895593097154e-02
2.023306957095900860e-02
1.896922386633207239e-02
1.290822486682705224e-02
1.994809813649313368e-02
1.925413256686481916e-02
1.929522113849934176e-02
2.023306957095896003e-02
3.321733720143826146e-02
3.260509834061607604e-02
3.027968721686350589e-02
1.986456568171691625e-02
3.033323754901747285e-02
2.014982765018515087e-02
1.994809813649313021e-02
2.018995462861863238e-02
3.285779931155614897e-02
3.254802777141999059e-02
3.069284895593096113e-02
2.112780306107824371e-02
3.285779931155614203e-02
3.296015347767465575e-02
3.321733720143825452e-02
3.512613986611260591e-02
5.791825360371326281e-02
3.768423674405024792e-02
3.512613986611266836e-02
2.258877547115141493e-02
3.456956536992979168e-02
2.156060060979821461e-02
2.136965955320381874e-02
2.112780306107830963e-02
3.445683043609437668e-02
2.140817168729833644e-02
2.023306957095901554e-02
1.360210457746782210e-02
2.117764924360284254e-02
1.994809813649318919e-02
2.014982765018513006e-02
2.089274054307009923e-02
3.456956536992976392e-02
2.156060060979820073e-02
2.018995462861868789e-02
1.309464860948296623e-02
2.014982765018516822e-02
1.306108215333797243e-02
1.303105389957115272e-02
1.303105389957115272e-02
2.136965955320376323e-02
1.994809813649318919e-02
1.896922386633207239e-02
1.290822486682705744e-02
2.023306957095896350e-02
1.986456568171692319e-02
2.018995462861864973e-02
2.112780306107825065e-02
3.512613986611261285e-02
2.258877547115140799e-02
2.112780306107829575e-02
1.360210457746782210e-02
2.089274054307009576e-02
1.309464860948296797e-02
1.303105389957115445e-02
1.290822486682706091e-02
2.112780306107825412e-02
1.360210457746782037e-02
1.290822486682705397e-02
8.699442772634622886e-03
1.360210457746776659e-02
1.290822486682705050e-02
1.309464860948290899e-02
1.360210457746776486e-02
2.258877547115135595e-02
2.112780306107830269e-02
1.986456568171689543e-02
1.290822486682705744e-02
1.994809813649312327e-02
1.303105389957114925e-02
1.306108215333791171e-02
1.309464860948290899e-02
2.156060060979816256e-02
2.089274054307009923e-02
1.994809813649312674e-02
1.360210457746776833e-02
2.140817168729829134e-02
2.112780306107824371e-02
2.156060060979816256e-02
2.258877547115134554e-02
3.768423674405031731e-02
3.512613986611266836e-02
3.296015347767471820e-02
2.112780306107829922e-02
3.254802777141999753e-02
2.018995462861868442e-02
2.014982765018512659e-02
1.986456568171690237e-02
3.260509834061606216e-02
2.023306957095900860e-02
1.925413256686482957e-02
1.290822486682705397e-02
2.023306957095895656e-02
1.896922386633207239e-02
1.929522113849934523e-02
1.994809813649312327e-02
3.321733720143826146e-02
2.136965955320380833e-02
2.014982765018512659e-02
1.303105389957114404e-02
2.018995462861863585e-02
1.303105389957114578e-02
1.309464860948290552e-02
1.306108215333791345e-02
2.156060060979816256e-02
2.014982765018511618e-02
1.929522113849933829e-02
1.309464860948290725e-02
2.066525879441335339e-02
2.018995462861863585e-02
2.066525879441334992e-02
2.156060060979815562e-02
3.607482485179525078e-02
3.456956536992976392e-02
3.254802777141998366e-02
2.089274054307008882e-02
3.230226084818603460e-02
2.014982765018516128e-02
2.018995462861864279e-02
1.994809813649312327e-02
3.285779931155614203e-02
2.117764924360283213e-02
2.023306957095896350e-02
1.360210457746775965e-02
2.140817168729829134e-02
2.023306957095895309e-02
2.066525879441334992e-02
2.140817168729829134e-02
3.577198735936522322e-02
3.445683043609434199e-02
3.260509834061604134e-02
2.112780306107824371e-02
3.285779931155614897e-02
2.136965955320375976e-02
2.156060060979816256e-02
2.156060060979815909e-02
3.571521344488175209e-02
3.456956536992973616e-02
3.321733720143825452e-02
2.258877547115134554e-02
3.577198735936522322e-02
3.512613986611260591e-02
3.607482485179524384e-02
3.768423674405031037e-02
6.323203423244445898e-02
5.791825360371322812e-02
5.668712568757173359e-02
3.512613986611266836e-02
5.633406731626526553e-02
3.321733720143831003e-02
3.456956536992977780e-02
3.296015347767474596e-02
5.625420263709141055e-02
3.285779931155618366e-02
3.260509834061608297e-02
2.112780306107830269e-02
3.445683043609434892e-02
3.069284895593101664e-02
3.254802777141999753e-02
3.254802777141999059e-02
5.633406731626521696e-02
3.285779931155619060e-02
3.230226084818604154e-02
2.018995462861868442e-02
3.254802777141999059e-02
1.994809813649319266e-02
2.089274054307009923e-02
2.014982765018512659e-02
3.456956536992975698e-02
3.033323754901752142e-02
3.027968721686350242e-02
1.986456568171689197e-02
3.260509834061606216e-02
3.027968721686349549e-02
3.230226084818604154e-02
3.260509834061604828e-02
5.668712568757165726e-02
3.321733720143828922e-02
3.260509834061608297e-02
2.023306957095901207e-02
3.254802777141997672e-02
1.929522113849939727e-02
2.014982765018515781e-02
1.925413256686482957e-02
3.296015347767466269e-02
1.994809813649318225e-02
1.986456568171691625e-02
1.290822486682705050e-02
2.112780306107824718e-02
1.896922386633207239e-02
2.018995462861864279e-02
2.023306957095896350e-02
3.512613986611260591e-02
3.069284895593100970e-02
3.027968721686350242e-02
1.896922386633207239e-02
3.069284895593096460e-02
1.896922386633206892e-02
1.994809813649312674e-02
1.929522113849934176e-02
3.321733720143825452e-02
3.027968721686349896e-02
3.033323754901746244e-02
1.994809813649313021e-02
3.285779931155614203e-02
3.069284895593094378e-02
3.285779931155614897e-02
3.321733720143825452e-02
5.791825360371326975e-02
3.512613986611266143e-02
3.456956536992976392e-02
2.136965955320380833e-02
3.445683043609434892e-02
2.023306957095901207e-02
2.117764924360283907e-02
2.014982765018512312e-02
3.456956536992975698e-02
2.018995462861867748e-02
2.014982765018515087e-02
1.303105389957114925e-02
2.136965955320376323e-02
1.896922386633207239e-02
2.023306957095896697e-02
2.018995462861863238e-02
3.512613986611260591e-02
2.112780306107829575e-02
2.089274054307009923e-02
1.303105389957114404e-02
2.112780306107824371e-02
1.290822486682705224e-02
1.360210457746776139e-02
1.309464860948290725e-02
2.258877547115134554e-02
1.986456568171689197e-02
1.994809813649313021e-02
1.306108215333791171e-02
2.156060060979815909e-02
1.994809813649313368e-02
2.140817168729829134e-02
2.156060060979815562e-02
3.768423674405032425e-02
3.296015347767471126e-02
3.254802777141997672e-02
2.014982765018511618e-02
3.260509834061605522e-02
1.925413256686482263e-02
2.023306957095896350e-02
1.929522113849934523e-02
3.321733720143825452e-02
2.014982765018511618e-02
2.018995462861862891e-02
1.309464860948290378e-02
2.156060060979815562e-02
1.929522113849933829e-02
2.066525879441334992e-02
2.066525879441334645e-02
3.607482485179525078e-02
3.254802777141999059e-02
3.230226084818602073e-02
2.018995462861863238e-02
3.285779931155614897e-02
2.023306957095895656e-02
2.140817168729829481e-02
2.066525879441334992e-02
3.577198735936522322e-02
3.260509834061604134e-02
3.285779931155614203e-02
2.156060060979815562e-02
3.571521344488175209e-02
3.321733720143824758e-02
3.577198735936522322e-02
3.607482485179523690e-02
6.323203423244445898e-02
5.668712568757171277e-02
5.633406731626521696e-02
3.456956536992977086e-02
5.625420263709141055e-02
3.260509834061607604e-02
3.445683043609434199e-02
3.254802777141998366e-02
5.633406731626520308e-02
3.230226084818605542e-02
3.254802777141996978e-02
2.089274054307009576e-02
3.456956536992975004e-02
3.027968721686350589e-02
3.260509834061606216e-02
3.230226084818603460e-02
5.668712568757165726e-02
3.260509834061608297e-02
3.254802777141997672e-02
2.014982765018515434e-02
3.296015347767466269e-02
1.986456568171691972e-02
2.112780306107824371e-02
2.018995462861863585e-02
3.512613986611261285e-02
3.027968721686350589e-02
3.069284895593096460e-02
1.994809813649312674e-02
3.321733720143824758e-02
3.033323754901746244e-02
3.285779931155614203e-02
3.285779931155614203e-02
5.791825360371326975e-02
3.456956536992975698e-02
3.445683043609433505e-02
2.117764924360283213e-02
3.456956536992974310e-02
2.014982765018515781e-02
2.136965955320375629e-02
2.023306957095896350e-02
3.512613986611261285e-02
2.089274054307008882e-02
2.112780306107824024e-02
1.360210457746776312e-02
2.258877547115134901e-02
1.994809813649312327e-02
2.156060060979816603e-02
2.140817168729829481e-02
3.768423674405031731e-02
3.254802777141997672e-02
3.260509834061604134e-02
2.023306957095896003e-02
3.321733720143824758e-02
2.018995462861863238e-02
2.156060060979815562e-02
2.066525879441334299e-02
3.607482485179524384e-02
3.230226084818601379e-02
3.285779931155614897e-02
2.140817168729829134e-02
3.577198735936523016e-02
3.285779931155614897e-02
3.571521344488175209e-02
3.577198735936522322e-02
6.323203423244447285e-02
5.633406731626523084e-02
5.625420263709138974e-02
3.445683043609434199e-02
5.633406731626520308e-02
3.254802777141998366e-02
3.456956536992975004e-02
3.260509834061604828e-02
5.668712568757165726e-02
3.254802777141998366e-02
3.296015347767464881e-02
2.112780306107824718e-02
3.512613986611261285e-02
3.069284895593094378e-02
3.321733720143825452e-02
3.285779931155614203e-02
5.791825360371326975e-02
3.445683043609434892e-02
3.456956536992975004e-02
2.136965955320375976e-02
3.512613986611261285e-02
2.112780306107824718e-02
2.258877547115134554e-02
2.156060060979815562e-02
3.768423674405031731e-02
3.260509834061604134e-02
3.321733720143825452e-02
2.156060060979815562e-02
3.607482485179524384e-02
3.285779931155614203e-02
3.577198735936522322e-02
3.571521344488175209e-02
6.323203423244447285e-02
5.625420263709138280e-02
5.633406731626520308e-02
3.456956536992974310e-02
5.668712568757165032e-02
3.296015347767464881e-02
3.512613986611261285e-02
3.321733720143824758e-02
5.791825360371326975e-02
3.456956536992972923e-02
3.512613986611261285e-02
2.258877547115134554e-02
3.768423674405031037e-02
3.321733720143825452e-02
3.607482485179524384e-02
3.577198735936522322e-02
6.323203423244447285e-02
5.633406731626519615e-02
5.668712568757166420e-02
3.512613986611261285e-02
5.791825360371326975e-02
3.512613986611260591e-02
3.768423674405031037e-02
3.607482485179523690e-02
6.323203423244444510e-02
5.668712568757162951e-02
5.791825360371326975e-02
3.768423674405030344e-02
6.323203423244445898e-02
5.791825360371325587e-02
6.323203423244445898e-02
6.323203423244444510e-02
1.122009808345657556e-01
