1  8  
2  9  
3  10  
4  11  
5  12  
6  13  
7  14  
0  15  
9  16  
10  17  
11  18  
12  19  
13  20  
14  21  
15  22  
8  23  
17  24  
18  25  
19  26  
20  27  
21  28  
22  29  
23  30  
16  31  
25  32  
26  33  
27  34  
28  35  
29  36  
30  37  
31  38  
24  39  
33  40  
34  41  
35  42  
36  43  
37  44  
38  45  
39  46  
32  47  
41  48  
42  49  
43  50  
44  51  
45  52  
46  53  
47  54  
40  55  
49  56  
50  57  
51  58  
52  59  
53  60  
54  61  
55  62  
48  63  
57  0  
58  1  
59  2  
60  3  
61  4  
62  5  
63  6  
56  7  
